Id,Score
40001,2
40002,3
40003,4
40004,3
40005,4
40006,4
40007,5
40008,6
40009,2
40010,3
40011,4
40012,2
40013,3
40014,3
40015,3
40016,3
40017,5
40018,2
40019,4
40020,4
40021,4
40022,2
40023,4
40024,5
40025,4
40026,3
40027,2
40028,5
40029,2
40030,2
40031,4
40032,6
40033,3
40034,3
40035,4
40036,2
40037,3
40038,5
40039,6
40040,4
40041,6
40042,2
40043,3
40044,3
40045,3
40046,3
40047,6
40048,3
40049,5
40050,3
40051,5
40052,5
40053,2
40054,2
40055,1
40056,3
40057,3
40058,4
40059,5
40060,4
40061,5
40062,4
40063,2
40064,2
40065,5
40066,2
40067,5
40068,3
40069,1
40070,3
40071,3
40072,4
40073,2
40074,3
40075,2
40076,5
40077,3
40078,4
40079,4
40080,5
40081,5
40082,4
40083,4
40084,3
40085,2
40086,3
40087,5
40088,2
40089,7
40090,4
40091,3
40092,4
40093,3
40094,4
40095,3
40096,3
40097,3
40098,3
40099,8
40100,6
40101,6
40102,3
40103,4
40104,2
40105,4
40106,6
40107,1
40108,1
40109,4
40110,6
40111,3
40112,3
40113,2
40114,2
40115,2
40116,5
40117,5
40118,4
40119,5
40120,5
40121,3
40122,3
40123,4
40124,2
40125,2
40126,4
40127,2
40128,3
40129,5
40130,3
40131,6
40132,8
40133,2
40134,2
40135,3
40136,3
40137,3
40138,4
40139,4
40140,2
40141,3
40142,3
40143,2
40144,4
40145,4
40146,4
40147,3
40148,2
40149,3
40150,3
40151,3
40152,3
40153,1
40154,2
40155,3
40156,3
40157,2
40158,3
40159,3
40160,3
40161,2
40162,4
40163,3
40164,4
40165,2
40166,3
40167,3
40168,3
40169,4
40170,4
40171,5
40172,4
40173,4
40174,4
40175,3
40176,2
40177,3
40178,4
40179,3
40180,6
40181,2
40182,4
40183,3
40184,1
40185,3
40186,1
40187,3
40188,2
40189,2
40190,4
40191,2
40192,1
40193,1
40194,3
40195,3
40196,2
40197,2
40198,2
40199,4
40200,3
40201,2
40202,2
40203,3
40204,4
40205,4
40206,3
40207,3
40208,5
40209,7
40210,4
40211,6
40212,4
40213,3
40214,4
40215,3
40216,4
40217,5
40218,2
40219,5
40220,4
40221,4
40222,3
40223,2
40224,3
40225,5
40226,3
40227,3
40228,2
40229,4
40230,4
40231,3
40232,8
40233,3
40234,5
40235,4
40236,4
40237,2
40238,4
40239,5
40240,4
40241,3
40242,3
40243,4
40244,1
40245,3
40246,6
40247,3
40248,3
40249,4
40250,4
40251,3
40252,2
40253,1
40254,4
40255,2
40256,2
40257,5
40258,3
40259,3
40260,3
40261,3
40262,2
40263,6
40264,4
40265,3
40266,4
40267,4
40268,5
40269,4
40270,4
40271,4
40272,4
40273,3
40274,3
40275,2
40276,4
40277,4
40278,5
40279,3
40280,2
40281,2
40282,5
40283,4
40284,4
40285,4
40286,4
40287,4
40288,4
40289,2
40290,5
40291,5
40292,2
40293,4
40294,4
40295,3
40296,2
40297,4
40298,4
40299,4
40300,3
40301,2
40302,2
40303,3
40304,2
40305,1
40306,4
40307,4
40308,3
40309,2
40310,4
40311,6
40312,2
40313,7
40314,3
40315,6
40316,6
40317,4
40318,5
40319,3
40320,4
40321,3
40322,2
40323,5
40324,6
40325,4
40326,4
40327,3
40328,6
40329,3
40330,3
40331,3
40332,2
40333,5
40334,5
40335,2
40336,3
40337,3
40338,2
40339,4
40340,4
40341,5
40342,5
40343,3
40344,3
40345,2
40346,5
40347,5
40348,2
40349,3
40350,5
40351,3
40352,5
40353,3
40354,2
40355,4
40356,3
40357,2
40358,2
40359,2
40360,1
40361,4
40362,2
40363,2
40364,4
40365,4
40366,4
40367,3
40368,5
40369,3
40370,3
40371,2
40372,3
40373,3
40374,2
40375,4
40376,3
40377,2
40378,3
40379,3
40380,2
40381,3
40382,4
40383,2
40384,2
40385,3
40386,4
40387,3
40388,1
40389,5
40390,6
40391,3
40392,6
40393,5
40394,3
40395,3
40396,3
40397,5
40398,5
40399,7
40400,6
40401,2
40402,4
40403,5
40404,5
40405,4
40406,5
40407,4
40408,3
40409,7
40410,3
40411,3
40412,3
40413,6
40414,4
40415,4
40416,3
40417,5
40418,3
40419,5
40420,6
40421,4
40422,2
40423,5
40424,4
40425,2
40426,2
40427,2
40428,4
40429,3
40430,5
40431,3
40432,4
40433,5
40434,2
40435,2
40436,2
40437,2
40438,5
40439,3
40440,2
40441,3
40442,2
40443,2
40444,4
40445,3
40446,3
40447,3
40448,2
40449,3
40450,5
40451,7
40452,3
40453,5
40454,4
40455,4
40456,7
40457,3
40458,2
40459,3
40460,3
40461,4
40462,6
40463,5
40464,6
40465,5
40466,4
40467,1
40468,3
40469,2
40470,4
40471,2
40472,3
40473,3
40474,4
40475,3
40476,3
40477,3
40478,5
40479,7
40480,4
40481,4
40482,4
40483,5
40484,4
40485,4
40486,4
40487,2
40488,4
40489,4
40490,3
40491,3
40492,4
40493,2
40494,5
40495,7
40496,3
40497,3
40498,4
40499,5
40500,4
40501,3
40502,2
40503,4
40504,4
40505,3
40506,4
40507,4
40508,4
40509,2
40510,2
40511,2
40512,5
40513,4
40514,4
40515,5
40516,3
40517,1
40518,3
40519,1
40520,5
40521,4
40522,2
40523,3
40524,4
40525,2
40526,3
40527,4
40528,3
40529,3
40530,0
40531,4
40532,2
40533,5
40534,3
40535,4
40536,3
40537,2
40538,3
40539,4
40540,4
40541,2
40542,3
40543,2
40544,4
40545,4
40546,7
40547,3
40548,6
40549,3
40550,3
40551,4
40552,3
40553,4
40554,3
40555,6
40556,6
40557,3
40558,3
40559,4
40560,3
40561,8
40562,3
40563,2
40564,1
40565,3
40566,3
40567,3
40568,4
40569,2
40570,2
40571,4
40572,2
40573,5
40574,3
40575,4
40576,3
40577,2
40578,4
40579,2
40580,3
40581,4
40582,5
40583,4
40584,3
40585,3
40586,4
40587,4
40588,4
40589,3
40590,1
40591,2
40592,3
40593,4
40594,4
40595,4
40596,4
40597,5
40598,3
40599,3
40600,3
40601,2
40602,4
40603,4
40604,2
40605,2
40606,5
40607,2
40608,3
40609,3
40610,4
40611,2
40612,4
40613,2
40614,2
40615,3
40616,3
40617,6
40618,4
40619,2
40620,3
40621,4
40622,4
40623,5
40624,3
40625,2
40626,2
40627,3
40628,5
40629,3
40630,2
40631,4
40632,3
40633,4
40634,4
40635,4
40636,3
40637,4
40638,2
40639,3
40640,4
40641,3
40642,4
40643,1
40644,3
40645,2
40646,3
40647,3
40648,7
40649,1
40650,3
40651,4
40652,3
40653,4
40654,5
40655,5
40656,4
40657,4
40658,3
40659,4
40660,1
40661,5
40662,3
40663,7
40664,1
40665,4
40666,3
40667,3
40668,3
40669,4
40670,3
40671,4
40672,5
40673,3
40674,2
40675,2
40676,4
40677,3
40678,4
40679,2
40680,3
40681,2
40682,4
40683,3
40684,4
40685,2
40686,2
40687,4
40688,9
40689,1
40690,4
40691,5
40692,4
40693,4
40694,3
40695,4
40696,3
40697,1
40698,4
40699,3
40700,1
40701,2
40702,5
40703,4
40704,4
40705,4
40706,3
40707,3
40708,3
40709,1
40710,2
40711,2
40712,3
40713,4
40714,4
40715,5
40716,2
40717,1
40718,3
40719,3
40720,3
40721,4
40722,4
40723,3
40724,3
40725,3
40726,3
40727,2
40728,3
40729,3
40730,4
40731,4
40732,3
40733,5
40734,3
40735,4
40736,4
40737,3
40738,4
40739,3
40740,3
40741,4
40742,3
40743,3
40744,4
40745,3
40746,4
40747,4
40748,5
40749,4
40750,4
40751,4
40752,2
40753,4
40754,1
40755,5
40756,4
40757,5
40758,5
40759,2
40760,6
40761,2
40762,3
40763,4
40764,3
40765,4
40766,3
40767,4
40768,3
40769,5
40770,3
40771,4
40772,3
40773,2
40774,4
40775,1
40776,2
40777,4
40778,4
40779,3
40780,2
40781,2
40782,6
40783,3
40784,1
40785,4
40786,3
40787,4
40788,4
40789,1
40790,3
40791,3
40792,1
40793,3
40794,2
40795,1
40796,4
40797,3
40798,4
40799,3
40800,4
40801,2
40802,1
40803,3
40804,2
40805,7
40806,3
40807,4
40808,3
40809,5
40810,3
40811,2
40812,5
40813,2
40814,5
40815,2
40816,4
40817,3
40818,1
40819,1
40820,2
40821,3
40822,5
40823,4
40824,3
40825,2
40826,3
40827,4
40828,4
40829,5
40830,4
40831,4
40832,5
40833,1
40834,2
40835,6
40836,3
40837,4
40838,2
40839,2
40840,4
40841,6
40842,3
40843,3
40844,3
40845,7
40846,2
40847,4
40848,4
40849,4
40850,3
40851,4
40852,3
40853,2
40854,10
40855,2
40856,2
40857,3
40858,4
40859,2
40860,4
40861,5
40862,5
40863,3
40864,3
40865,4
40866,3
40867,3
40868,6
40869,5
40870,3
40871,4
40872,3
40873,4
40874,6
40875,2
40876,4
40877,4
40878,4
40879,4
40880,3
40881,4
40882,3
40883,3
40884,2
40885,4
40886,3
40887,2
40888,4
40889,4
40890,1
40891,6
40892,5
40893,3
40894,5
40895,2
40896,8
40897,2
40898,2
40899,6
40900,4
40901,3
40902,2
40903,2
40904,2
40905,5
40906,3
40907,4
40908,1
40909,3
40910,5
40911,3
40912,1
40913,3
40914,4
40915,3
40916,3
40917,2
40918,3
40919,7
40920,2
40921,2
40922,3
40923,5
40924,1
40925,5
40926,3
40927,3
40928,6
40929,5
40930,6
40931,3
40932,4
40933,3
40934,4
40935,3
40936,2
40937,4
40938,4
40939,4
40940,2
40941,4
40942,3
40943,3
40944,3
40945,3
40946,2
40947,3
40948,5
40949,4
40950,3
40951,3
40952,2
40953,4
40954,5
40955,4
40956,5
40957,5
40958,3
40959,3
40960,3
40961,4
40962,2
40963,1
40964,4
40965,3
40966,6
40967,6
40968,4
40969,4
40970,7
40971,5
40972,3
40973,3
40974,3
40975,1
40976,5
40977,2
40978,4
40979,4
40980,1
40981,3
40982,3
40983,3
40984,4
40985,2
40986,3
40987,2
40988,4
40989,3
40990,3
40991,4
40992,4
40993,3
40994,5
40995,3
40996,3
40997,4
40998,2
40999,2
41000,4
41001,3
41002,3
41003,3
41004,5
41005,4
41006,4
41007,5
41008,3
41009,4
41010,4
41011,6
41012,3
41013,4
41014,3
41015,3
41016,3
41017,2
41018,1
41019,3
41020,5
41021,4
41022,3
41023,4
41024,5
41025,4
41026,5
41027,6
41028,7
41029,3
41030,2
41031,4
41032,5
41033,4
41034,5
41035,4
41036,3
41037,4
41038,6
41039,6
41040,3
41041,3
41042,4
41043,2
41044,3
41045,2
41046,5
41047,6
41048,3
41049,3
41050,3
41051,3
41052,5
41053,3
41054,2
41055,3
41056,4
41057,3
41058,3
41059,5
41060,8
41061,4
41062,3
41063,2
41064,3
41065,2
41066,3
41067,7
41068,2
41069,1
41070,3
41071,3
41072,5
41073,7
41074,3
41075,6
41076,2
41077,4
41078,4
41079,6
41080,5
41081,1
41082,3
41083,4
41084,4
41085,6
41086,4
41087,1
41088,3
41089,5
41090,5
41091,4
41092,4
41093,3
41094,2
41095,2
41096,4
41097,3
41098,3
41099,2
41100,3
41101,6
41102,3
41103,2
41104,4
41105,4
41106,3
41107,2
41108,5
41109,3
41110,2
41111,2
41112,4
41113,2
41114,6
41115,4
41116,3
41117,3
41118,4
41119,2
41120,2
41121,2
41122,5
41123,7
41124,2
41125,4
41126,3
41127,2
41128,4
41129,2
41130,3
41131,4
41132,4
41133,3
41134,8
41135,3
41136,1
41137,6
41138,5
41139,3
41140,6
41141,2
41142,4
41143,9
41144,4
41145,2
41146,3
41147,3
41148,6
41149,3
41150,2
41151,1
41152,4
41153,4
41154,3
41155,3
41156,2
41157,5
41158,3
41159,4
41160,3
41161,2
41162,3
41163,3
41164,3
41165,4
41166,5
41167,4
41168,3
41169,2
41170,8
41171,2
41172,3
41173,3
41174,3
41175,4
41176,2
41177,4
41178,4
41179,4
41180,3
41181,4
41182,5
41183,4
41184,4
41185,1
41186,2
41187,5
41188,2
41189,2
41190,4
41191,3
41192,3
41193,5
41194,7
41195,3
41196,5
41197,4
41198,5
41199,2
41200,5
41201,3
41202,3
41203,4
41204,2
41205,2
41206,4
41207,7
41208,3
41209,3
41210,3
41211,2
41212,3
41213,2
41214,3
41215,3
41216,2
41217,4
41218,4
41219,3
41220,4
41221,4
41222,2
41223,3
41224,3
41225,2
41226,4
41227,2
41228,3
41229,3
41230,5
41231,3
41232,4
41233,3
41234,4
41235,3
41236,3
41237,2
41238,2
41239,2
41240,5
41241,3
41242,4
41243,5
41244,3
41245,4
41246,4
41247,1
41248,3
41249,4
41250,4
41251,3
41252,4
41253,2
41254,2
41255,6
41256,5
41257,4
41258,3
41259,3
41260,2
41261,4
41262,4
41263,3
41264,5
41265,2
41266,5
41267,1
41268,2
41269,3
41270,4
41271,4
41272,3
41273,3
41274,3
41275,2
41276,2
41277,4
41278,3
41279,2
41280,1
41281,4
41282,3
41283,5
41284,3
41285,5
41286,3
41287,3
41288,3
41289,3
41290,1
41291,5
41292,3
41293,2
41294,5
41295,5
41296,5
41297,5
41298,5
41299,6
41300,2
41301,6
41302,2
41303,3
41304,3
41305,5
41306,3
41307,4
41308,2
41309,3
41310,4
41311,2
41312,3
41313,4
41314,3
41315,5
41316,2
41317,3
41318,2
41319,3
41320,3
41321,12
41322,5
41323,7
41324,2
41325,3
41326,7
41327,3
41328,4
41329,4
41330,1
41331,4
41332,11
41333,5
41334,2
41335,6
41336,3
41337,3
41338,3
41339,2
41340,4
41341,5
41342,2
41343,2
41344,4
41345,5
41346,3
41347,5
41348,2
41349,3
41350,2
41351,3
41352,4
41353,3
41354,3
41355,4
41356,5
41357,2
41358,3
41359,3
41360,4
41361,5
41362,3
41363,4
41364,3
41365,2
41366,3
41367,3
41368,5
41369,4
41370,2
41371,2
41372,4
41373,4
41374,5
41375,3
41376,4
41377,3
41378,7
41379,4
41380,2
41381,5
41382,7
41383,5
41384,3
41385,2
41386,4
41387,3
41388,6
41389,4
41390,4
41391,4
41392,3
41393,5
41394,5
41395,2
41396,1
41397,4
41398,3
41399,2
41400,3
41401,3
41402,3
41403,4
41404,7
41405,3
41406,4
41407,2
41408,5
41409,2
41410,5
41411,4
41412,3
41413,2
41414,5
41415,4
41416,4
41417,3
41418,5
41419,2
41420,3
41421,6
41422,3
41423,4
41424,2
41425,2
41426,5
41427,1
41428,2
41429,4
41430,2
41431,2
41432,1
41433,4
41434,5
41435,3
41436,4
41437,3
41438,3
41439,5
41440,9
41441,3
41442,2
41443,3
41444,4
41445,3
41446,4
41447,3
41448,4
41449,5
41450,5
41451,2
41452,2
41453,5
41454,2
41455,3
41456,4
41457,2
41458,4
41459,4
41460,6
41461,2
41462,3
41463,4
41464,4
41465,3
41466,4
41467,4
41468,4
41469,2
41470,2
41471,6
41472,4
41473,3
41474,3
41475,5
41476,3
41477,3
41478,3
41479,8
41480,4
41481,3
41482,2
41483,3
41484,3
41485,4
41486,2
41487,4
41488,2
41489,2
41490,8
41491,2
41492,2
41493,3
41494,3
41495,3
41496,3
41497,5
41498,3
41499,3
41500,3
41501,4
41502,5
41503,3
41504,3
41505,4
41506,4
41507,3
41508,6
41509,8
41510,2
41511,2
41512,3
41513,2
41514,5
41515,3
41516,6
41517,4
41518,3
41519,4
41520,2
41521,5
41522,3
41523,7
41524,3
41525,3
41526,4
41527,3
41528,3
41529,7
41530,1
41531,9
41532,3
41533,4
41534,9
41535,3
41536,6
41537,4
41538,4
41539,2
41540,3
41541,5
41542,1
41543,2
41544,3
41545,4
41546,3
41547,4
41548,3
41549,5
41550,3
41551,3
41552,5
41553,4
41554,4
41555,3
41556,2
41557,3
41558,2
41559,2
41560,3
41561,4
41562,4
41563,2
41564,3
41565,3
41566,3
41567,3
41568,4
41569,3
41570,4
41571,1
41572,3
41573,6
41574,2
41575,5
41576,5
41577,4
41578,4
41579,8
41580,3
41581,4
41582,3
41583,2
41584,3
41585,3
41586,1
41587,3
41588,2
41589,5
41590,4
41591,3
41592,4
41593,3
41594,2
41595,2
41596,5
41597,3
41598,4
41599,4
41600,5
41601,4
41602,5
41603,2
41604,2
41605,3
41606,3
41607,4
41608,3
41609,6
41610,3
41611,2
41612,5
41613,2
41614,6
41615,3
41616,10
41617,4
41618,2
41619,3
41620,4
41621,2
41622,3
41623,3
41624,5
41625,1
41626,3
41627,3
41628,4
41629,5
41630,3
41631,3
41632,10
41633,2
41634,2
41635,4
41636,3
41637,4
41638,3
41639,3
41640,3
41641,3
41642,4
41643,1
41644,3
41645,3
41646,3
41647,3
41648,5
41649,5
41650,5
41651,4
41652,3
41653,3
41654,6
41655,5
41656,2
41657,2
41658,3
41659,3
41660,5
41661,4
41662,4
41663,2
41664,2
41665,7
41666,5
41667,2
41668,6
41669,4
41670,3
41671,3
41672,4
41673,4
41674,4
41675,4
41676,5
41677,3
41678,4
41679,2
41680,4
41681,3
41682,5
41683,5
41684,4
41685,1
41686,5
41687,3
41688,3
41689,4
41690,4
41691,2
41692,2
41693,2
41694,4
41695,3
41696,1
41697,2
41698,2
41699,3
41700,4
41701,5
41702,3
41703,3
41704,2
41705,3
41706,3
41707,2
41708,5
41709,4
41710,4
41711,4
41712,2
41713,4
41714,3
41715,3
41716,4
41717,3
41718,4
41719,4
41720,5
41721,4
41722,3
41723,2
41724,4
41725,2
41726,3
41727,4
41728,2
41729,6
41730,2
41731,2
41732,12
41733,3
41734,3
41735,3
41736,1
41737,2
41738,4
41739,5
41740,2
41741,3
41742,7
41743,4
41744,7
41745,5
41746,3
41747,4
41748,5
41749,5
41750,4
41751,2
41752,3
41753,4
41754,3
41755,6
41756,3
41757,6
41758,2
41759,2
41760,4
41761,4
41762,3
41763,3
41764,9
41765,4
41766,4
41767,4
41768,3
41769,3
41770,4
41771,3
41772,3
41773,3
41774,3
41775,3
41776,4
41777,4
41778,4
41779,4
41780,2
41781,3
41782,2
41783,2
41784,3
41785,2
41786,3
41787,5
41788,3
41789,5
41790,2
41791,4
41792,2
41793,6
41794,3
41795,4
41796,1
41797,4
41798,9
41799,3
41800,3
41801,5
41802,4
41803,7
41804,4
41805,2
41806,3
41807,3
41808,1
41809,2
41810,2
41811,2
41812,5
41813,3
41814,4
41815,3
41816,3
41817,5
41818,3
41819,5
41820,4
41821,3
41822,3
41823,3
41824,3
41825,2
41826,4
41827,4
41828,3
41829,3
41830,3
41831,3
41832,4
41833,1
41834,2
41835,3
41836,8
41837,4
41838,5
41839,6
41840,5
41841,3
41842,3
41843,5
41844,3
41845,4
41846,4
41847,4
41848,4
41849,1
41850,5
41851,3
41852,4
41853,5
41854,2
41855,3
41856,2
41857,4
41858,3
41859,5
41860,2
41861,5
41862,3
41863,2
41864,3
41865,4
41866,3
41867,3
41868,3
41869,4
41870,4
41871,1
41872,5
41873,2
41874,3
41875,5
41876,2
41877,1
41878,4
41879,2
41880,4
41881,4
41882,3
41883,4
41884,3
41885,3
41886,3
41887,4
41888,3
41889,2
41890,3
41891,4
41892,3
41893,3
41894,4
41895,4
41896,3
41897,4
41898,2
41899,3
41900,4
41901,2
41902,5
41903,3
41904,2
41905,2
41906,4
41907,5
41908,1
41909,2
41910,4
41911,3
41912,3
41913,3
41914,5
41915,3
41916,5
41917,3
41918,5
41919,4
41920,4
41921,4
41922,6
41923,1
41924,4
41925,4
41926,3
41927,5
41928,8
41929,9
41930,4
41931,2
41932,4
41933,3
41934,2
41935,2
41936,3
41937,3
41938,4
41939,3
41940,5
41941,4
41942,4
41943,3
41944,5
41945,3
41946,3
41947,2
41948,2
41949,2
41950,2
41951,5
41952,9
41953,2
41954,2
41955,9
41956,3
41957,4
41958,3
41959,2
41960,2
41961,3
41962,5
41963,1
41964,4
41965,3
41966,3
41967,4
41968,3
41969,4
41970,3
41971,4
41972,3
41973,4
41974,2
41975,3
41976,3
41977,4
41978,5
41979,4
41980,4
41981,3
41982,2
41983,4
41984,3
41985,3
41986,4
41987,5
41988,1
41989,5
41990,3
41991,6
41992,6
41993,4
41994,5
41995,4
41996,5
41997,4
41998,3
41999,5
42000,6
42001,4
42002,5
42003,5
42004,3
42005,7
42006,5
42007,11
42008,3
42009,6
42010,4
42011,7
42012,4
42013,4
42014,4
42015,4
42016,2
42017,2
42018,2
42019,4
42020,4
42021,5
42022,4
42023,5
42024,5
42025,5
42026,2
42027,2
42028,2
42029,3
42030,3
42031,3
42032,4
42033,3
42034,5
42035,5
42036,4
42037,4
42038,4
42039,3
42040,3
42041,3
42042,5
42043,9
42044,3
42045,3
42046,2
42047,3
42048,4
42049,4
42050,3
42051,1
42052,6
42053,3
42054,2
42055,2
42056,2
42057,4
42058,3
42059,3
42060,3
42061,4
42062,7
42063,2
42064,3
42065,3
42066,4
42067,7
42068,3
42069,2
42070,2
42071,2
42072,3
42073,4
42074,3
42075,3
42076,4
42077,3
42078,4
42079,3
42080,2
42081,5
42082,4
42083,3
42084,5
42085,2
42086,5
42087,7
42088,4
42089,7
42090,4
42091,3
42092,2
42093,3
42094,4
42095,4
42096,3
42097,5
42098,3
42099,4
42100,1
42101,3
42102,4
42103,7
42104,1
42105,2
42106,3
42107,2
42108,3
42109,3
42110,4
42111,4
42112,4
42113,5
42114,4
42115,4
42116,2
42117,3
42118,9
42119,1
42120,3
42121,3
42122,1
42123,4
42124,2
42125,5
42126,5
42127,2
42128,3
42129,3
42130,2
42131,4
42132,3
42133,1
42134,4
42135,3
42136,7
42137,3
42138,2
42139,2
42140,1
42141,3
42142,4
42143,3
42144,4
42145,1
42146,4
42147,2
42148,3
42149,4
42150,4
42151,2
42152,3
42153,3
42154,3
42155,3
42156,6
42157,3
42158,4
42159,4
42160,2
42161,2
42162,5
42163,2
42164,3
42165,3
42166,2
42167,3
42168,6
42169,3
42170,5
42171,3
42172,2
42173,3
42174,4
42175,3
42176,2
42177,3
42178,2
42179,3
42180,5
42181,2
42182,2
42183,4
42184,3
42185,2
42186,2
42187,3
42188,2
42189,4
42190,3
42191,4
42192,3
42193,2
42194,3
42195,2
42196,3
42197,4
42198,5
42199,3
42200,5
42201,3
42202,2
42203,5
42204,3
42205,3
42206,2
42207,5
42208,3
42209,3
42210,3
42211,4
42212,4
42213,2
42214,3
42215,2
42216,3
42217,2
42218,5
42219,4
42220,4
42221,3
42222,4
42223,3
42224,6
42225,4
42226,5
42227,4
42228,6
42229,3
42230,3
42231,5
42232,2
42233,4
42234,3
42235,1
42236,1
42237,5
42238,4
42239,3
42240,4
42241,4
42242,3
42243,3
42244,3
42245,4
42246,3
42247,1
42248,2
42249,2
42250,2
42251,5
42252,2
42253,4
42254,2
42255,3
42256,4
42257,2
42258,4
42259,4
42260,4
42261,3
42262,3
42263,3
42264,4
42265,1
42266,3
42267,3
42268,3
42269,5
42270,3
42271,3
42272,4
42273,2
42274,3
42275,3
42276,3
42277,2
42278,2
42279,3
42280,3
42281,3
42282,3
42283,4
42284,10
42285,3
42286,4
42287,2
42288,5
42289,4
42290,3
42291,1
42292,4
42293,5
42294,5
42295,3
42296,3
42297,5
42298,4
42299,5
42300,2
42301,3
42302,6
42303,3
42304,5
42305,7
42306,3
42307,4
42308,4
42309,3
42310,2
42311,2
42312,3
42313,3
42314,4
42315,4
42316,6
42317,3
42318,3
42319,4
42320,4
42321,4
42322,3
42323,8
42324,5
42325,2
42326,4
42327,3
42328,9
42329,4
42330,2
42331,3
42332,3
42333,2
42334,2
42335,5
42336,3
42337,2
42338,4
42339,2
42340,3
42341,3
42342,5
42343,5
42344,3
42345,2
42346,6
42347,3
42348,3
42349,4
42350,2
42351,4
42352,2
42353,4
42354,3
42355,2
42356,5
42357,2
42358,3
42359,4
42360,3
42361,4
42362,3
42363,4
42364,2
42365,2
42366,3
42367,2
42368,2
42369,5
42370,4
42371,4
42372,3
42373,4
42374,2
42375,5
42376,2
42377,2
42378,2
42379,9
42380,2
42381,2
42382,3
42383,3
42384,4
42385,3
42386,4
42387,1
42388,5
42389,3
42390,4
42391,4
42392,3
42393,6
42394,5
42395,3
42396,3
42397,4
42398,9
42399,3
42400,2
42401,3
42402,2
42403,2
42404,2
42405,3
42406,2
42407,3
42408,4
42409,3
42410,2
42411,2
42412,3
42413,5
42414,3
42415,3
42416,3
42417,3
42418,6
42419,3
42420,5
42421,2
42422,2
42423,2
42424,5
42425,4
42426,3
42427,4
42428,2
42429,5
42430,3
42431,4
42432,3
42433,3
42434,1
42435,4
42436,2
42437,2
42438,3
42439,1
42440,2
42441,2
42442,4
42443,2
42444,4
42445,4
42446,3
42447,5
42448,2
42449,3
42450,2
42451,2
42452,3
42453,4
42454,4
42455,3
42456,2
42457,3
42458,5
42459,2
42460,7
42461,8
42462,4
42463,3
42464,4
42465,2
42466,2
42467,3
42468,5
42469,2
42470,5
42471,3
42472,4
42473,3
42474,2
42475,4
42476,5
42477,2
42478,7
42479,4
42480,1
42481,4
42482,3
42483,3
42484,3
42485,2
42486,4
42487,8
42488,3
42489,2
42490,8
42491,3
42492,4
42493,4
42494,5
42495,6
42496,3
42497,2
42498,4
42499,3
42500,2
42501,3
42502,5
42503,6
42504,5
42505,2
42506,2
42507,4
42508,4
42509,8
42510,3
42511,3
42512,3
42513,3
42514,3
42515,1
42516,5
42517,3
42518,4
42519,2
42520,3
42521,2
42522,4
42523,5
42524,4
42525,7
42526,5
42527,5
42528,4
42529,2
42530,4
42531,3
42532,5
42533,3
42534,4
42535,4
42536,2
42537,2
42538,5
42539,4
42540,6
42541,3
42542,6
42543,5
42544,3
42545,2
42546,4
42547,3
42548,3
42549,3
42550,5
42551,2
42552,4
42553,2
42554,4
42555,2
42556,4
42557,3
42558,9
42559,2
42560,2
42561,3
42562,4
42563,1
42564,3
42565,2
42566,3
42567,4
42568,3
42569,3
42570,2
42571,3
42572,4
42573,4
42574,7
42575,3
42576,3
42577,3
42578,5
42579,4
42580,1
42581,3
42582,4
42583,3
42584,2
42585,2
42586,1
42587,1
42588,5
42589,3
42590,5
42591,4
42592,4
42593,3
42594,4
42595,4
42596,3
42597,3
42598,2
42599,3
42600,4
42601,5
42602,3
42603,3
42604,1
42605,3
42606,4
42607,4
42608,2
42609,4
42610,2
42611,3
42612,3
42613,3
42614,3
42615,5
42616,3
42617,5
42618,2
42619,2
42620,2
42621,3
42622,3
42623,6
42624,3
42625,7
42626,4
42627,2
42628,3
42629,4
42630,5
42631,3
42632,2
42633,3
42634,5
42635,5
42636,2
42637,4
42638,4
42639,4
42640,2
42641,3
42642,4
42643,2
42644,3
42645,1
42646,6
42647,4
42648,4
42649,4
42650,3
42651,3
42652,3
42653,1
42654,3
42655,4
42656,3
42657,3
42658,2
42659,5
42660,2
42661,4
42662,2
42663,2
42664,4
42665,3
42666,6
42667,6
42668,4
42669,2
42670,2
42671,4
42672,4
42673,3
42674,7
42675,4
42676,3
42677,4
42678,3
42679,4
42680,5
42681,2
42682,4
42683,3
42684,3
42685,1
42686,4
42687,2
42688,5
42689,6
42690,3
42691,3
42692,6
42693,7
42694,4
42695,6
42696,6
42697,2
42698,4
42699,2
42700,4
42701,3
42702,4
42703,3
42704,4
42705,3
42706,3
42707,4
42708,3
42709,4
42710,4
42711,5
42712,3
42713,5
42714,4
42715,5
42716,5
42717,2
42718,4
42719,4
42720,3
42721,4
42722,2
42723,6
42724,5
42725,4
42726,3
42727,3
42728,3
42729,2
42730,3
42731,1
42732,3
42733,2
42734,3
42735,3
42736,4
42737,4
42738,5
42739,4
42740,5
42741,3
42742,3
42743,7
42744,4
42745,6
42746,3
42747,2
42748,2
42749,4
42750,3
42751,3
42752,5
42753,3
42754,2
42755,3
42756,3
42757,3
42758,2
42759,3
42760,3
42761,0
42762,5
42763,3
42764,2
42765,6
42766,3
42767,2
42768,3
42769,4
42770,3
42771,5
42772,3
42773,4
42774,5
42775,2
42776,2
42777,2
42778,1
42779,3
42780,3
42781,2
42782,3
42783,4
42784,3
42785,3
42786,4
42787,3
42788,3
42789,3
42790,2
42791,3
42792,3
42793,5
42794,3
42795,6
42796,3
42797,2
42798,3
42799,3
42800,2
42801,5
42802,5
42803,3
42804,5
42805,3
42806,4
42807,3
42808,4
42809,5
42810,4
42811,3
42812,4
42813,5
42814,7
42815,2
42816,2
42817,3
42818,3
42819,4
42820,4
42821,3
42822,4
42823,4
42824,4
42825,10
42826,2
42827,3
42828,5
42829,3
42830,2
42831,2
42832,4
42833,2
42834,2
42835,4
42836,3
42837,2
42838,2
42839,6
42840,4
42841,4
42842,2
42843,2
42844,4
42845,3
42846,4
42847,2
42848,3
42849,4
42850,2
42851,4
42852,3
42853,3
42854,4
42855,5
42856,3
42857,3
42858,1
42859,6
42860,4
42861,2
42862,3
42863,3
42864,3
42865,2
42866,3
42867,5
42868,1
42869,4
42870,3
42871,4
42872,3
42873,3
42874,4
42875,3
42876,3
42877,2
42878,3
42879,4
42880,2
42881,5
42882,5
42883,4
42884,3
42885,4
42886,4
42887,3
42888,3
42889,3
42890,3
42891,2
42892,2
42893,2
42894,2
42895,3
42896,3
42897,1
42898,3
42899,5
42900,2
42901,3
42902,2
42903,9
42904,2
42905,3
42906,4
42907,2
42908,6
42909,3
42910,6
42911,2
42912,3
42913,5
42914,4
42915,2
42916,3
42917,7
42918,14
42919,4
42920,6
42921,5
42922,3
42923,4
42924,4
42925,4
42926,2
42927,1
42928,3
42929,6
42930,2
42931,4
42932,2
42933,3
42934,4
42935,1
42936,3
42937,5
42938,1
42939,5
42940,5
42941,3
42942,4
42943,4
42944,4
42945,3
42946,1
42947,5
42948,2
42949,4
42950,4
42951,3
42952,3
42953,5
42954,4
42955,3
42956,3
42957,3
42958,2
42959,3
42960,2
42961,3
42962,5
42963,5
42964,3
42965,3
42966,3
42967,5
42968,3
42969,2
42970,2
42971,3
42972,4
42973,3
42974,3
42975,2
42976,3
42977,4
42978,2
42979,3
42980,4
42981,3
42982,4
42983,4
42984,2
42985,3
42986,4
42987,11
42988,2
42989,3
42990,6
42991,10
42992,4
42993,4
42994,3
42995,4
42996,4
42997,2
42998,4
42999,3
43000,5
43001,3
43002,2
43003,5
43004,3
43005,2
43006,3
43007,4
43008,5
43009,4
43010,3
43011,7
43012,4
43013,3
43014,3
43015,3
43016,2
43017,3
43018,4
43019,5
43020,4
43021,3
43022,5
43023,2
43024,3
43025,3
43026,3
43027,2
43028,5
43029,3
43030,2
43031,2
43032,2
43033,4
43034,3
43035,5
43036,4
43037,3
43038,5
43039,3
43040,4
43041,5
43042,3
43043,3
43044,2
43045,3
43046,2
43047,3
43048,3
43049,3
43050,4
43051,3
43052,4
43053,1
43054,5
43055,4
43056,4
43057,4
43058,9
43059,4
43060,3
43061,4
43062,2
43063,3
43064,4
43065,4
43066,2
43067,4
43068,3
43069,4
43070,3
43071,4
43072,5
43073,4
43074,3
43075,5
43076,2
43077,4
43078,4
43079,3
43080,4
43081,3
43082,5
43083,5
43084,2
43085,6
43086,5
43087,2
43088,3
43089,4
43090,4
43091,4
43092,4
43093,8
43094,8
43095,3
43096,3
43097,3
43098,2
43099,4
43100,5
43101,5
43102,5
43103,3
43104,2
43105,3
43106,2
43107,3
43108,3
43109,4
43110,2
43111,2
43112,4
43113,2
43114,4
43115,1
43116,3
43117,3
43118,4
43119,2
43120,3
43121,3
43122,4
43123,2
43124,3
43125,1
43126,5
43127,2
43128,3
43129,4
43130,3
43131,3
43132,3
43133,2
43134,5
43135,4
43136,4
43137,4
43138,5
43139,1
43140,3
43141,4
43142,3
43143,5
43144,4
43145,4
43146,3
43147,4
43148,3
43149,3
43150,2
43151,4
43152,4
43153,4
43154,4
43155,3
43156,2
43157,3
43158,4
43159,3
43160,2
43161,2
43162,3
43163,3
43164,3
43165,4
43166,3
43167,3
43168,3
43169,2
43170,4
43171,2
43172,3
43173,2
43174,2
43175,5
43176,3
43177,4
43178,4
43179,9
43180,3
43181,4
43182,4
43183,4
43184,4
43185,5
43186,5
43187,8
43188,4
43189,6
43190,4
43191,1
43192,2
43193,2
43194,2
43195,3
43196,2
43197,2
43198,6
43199,5
43200,3
43201,3
43202,3
43203,4
43204,3
43205,4
43206,5
43207,4
43208,3
43209,4
43210,5
43211,3
43212,4
43213,10
43214,3
43215,5
43216,5
43217,3
43218,4
43219,6
43220,2
43221,3
43222,3
43223,4
43224,6
43225,3
43226,3
43227,5
43228,3
43229,5
43230,4
43231,4
43232,3
43233,2
43234,3
43235,3
43236,4
43237,3
43238,2
43239,2
43240,5
43241,4
43242,4
43243,5
43244,3
43245,4
43246,3
43247,5
43248,3
43249,5
43250,4
43251,3
43252,2
43253,4
43254,4
43255,3
43256,4
43257,1
43258,2
43259,5
43260,4
43261,4
43262,2
43263,9
43264,3
43265,2
43266,4
43267,2
43268,6
43269,3
43270,3
43271,4
43272,3
43273,4
43274,4
43275,7
43276,4
43277,3
43278,5
43279,2
43280,2
43281,2
43282,2
43283,1
43284,5
43285,5
43286,4
43287,5
43288,2
43289,3
43290,4
43291,2
43292,5
43293,4
43294,5
43295,4
43296,6
43297,4
43298,4
43299,2
43300,2
43301,1
43302,2
43303,3
43304,3
43305,4
43306,3
43307,4
43308,6
43309,2
43310,4
43311,3
43312,4
43313,3
43314,4
43315,3
43316,6
43317,1
43318,3
43319,3
43320,2
43321,5
43322,2
43323,4
43324,3
43325,6
43326,2
43327,4
43328,3
43329,4
43330,2
43331,2
43332,4
43333,2
43334,1
43335,3
43336,2
43337,2
43338,6
43339,2
43340,2
43341,3
43342,4
43343,4
43344,6
43345,5
43346,2
43347,4
43348,4
43349,2
43350,2
43351,3
43352,4
43353,2
43354,4
43355,2
43356,2
43357,3
43358,4
43359,3
43360,4
43361,4
43362,3
43363,4
43364,3
43365,4
43366,2
43367,4
43368,2
43369,4
43370,4
43371,3
43372,4
43373,2
43374,4
43375,4
43376,3
43377,4
43378,3
43379,3
43380,3
43381,2
43382,3
43383,2
43384,3
43385,3
43386,5
43387,3
43388,3
43389,3
43390,3
43391,7
43392,3
43393,3
43394,1
43395,3
43396,4
43397,3
43398,3
43399,4
43400,3
43401,2
43402,3
43403,3
43404,3
43405,4
43406,2
43407,3
43408,4
43409,3
43410,3
43411,5
43412,5
43413,1
43414,1
43415,1
43416,3
43417,11
43418,4
43419,4
43420,3
43421,5
43422,1
43423,8
43424,3
43425,4
43426,1
43427,2
43428,1
43429,4
43430,4
43431,3
43432,2
43433,3
43434,3
43435,3
43436,3
43437,5
43438,3
43439,4
43440,2
43441,4
43442,3
43443,2
43444,3
43445,3
43446,7
43447,3
43448,1
43449,7
43450,3
43451,2
43452,2
43453,5
43454,4
43455,3
43456,4
43457,5
43458,4
43459,2
43460,4
43461,5
43462,2
43463,3
43464,3
43465,3
43466,2
43467,4
43468,2
43469,4
43470,4
43471,2
43472,5
43473,4
43474,4
43475,4
43476,5
43477,4
43478,9
43479,2
43480,5
43481,3
43482,4
43483,4
43484,5
43485,3
43486,12
43487,6
43488,7
43489,3
43490,4
43491,2
43492,8
43493,2
43494,4
43495,4
43496,4
43497,2
43498,6
43499,3
43500,5
43501,3
43502,5
43503,3
43504,3
43505,4
43506,6
43507,2
43508,2
43509,7
43510,3
43511,4
43512,5
43513,4
43514,3
43515,10
43516,2
43517,3
43518,4
43519,3
43520,2
43521,4
43522,4
43523,8
43524,2
43525,3
43526,4
43527,7
43528,2
43529,5
43530,2
43531,4
43532,4
43533,3
43534,3
43535,6
43536,4
43537,3
43538,4
43539,2
43540,4
43541,3
43542,3
43543,5
43544,6
43545,3
43546,2
43547,4
43548,2
43549,2
43550,3
43551,4
43552,3
43553,4
43554,4
43555,4
43556,4
43557,3
43558,3
43559,3
43560,1
43561,9
43562,4
43563,3
43564,2
43565,3
43566,5
43567,3
43568,2
43569,2
43570,5
43571,3
43572,4
43573,5
43574,1
43575,6
43576,2
43577,3
43578,1
43579,3
43580,3
43581,4
43582,5
43583,3
43584,4
43585,4
43586,3
43587,3
43588,3
43589,3
43590,5
43591,4
43592,4
43593,4
43594,2
43595,4
43596,3
43597,7
43598,7
43599,3
43600,2
43601,2
43602,5
43603,2
43604,4
43605,3
43606,4
43607,3
43608,3
43609,2
43610,4
43611,3
43612,4
43613,1
43614,2
43615,3
43616,4
43617,5
43618,3
43619,2
43620,1
43621,3
43622,4
43623,5
43624,2
43625,4
43626,2
43627,3
43628,3
43629,6
43630,4
43631,4
43632,2
43633,4
43634,5
43635,3
43636,1
43637,6
43638,3
43639,3
43640,4
43641,3
43642,4
43643,2
43644,5
43645,2
43646,5
43647,4
43648,2
43649,4
43650,3
43651,3
43652,5
43653,4
43654,2
43655,2
43656,5
43657,5
43658,4
43659,4
43660,5
43661,4
43662,3
43663,2
43664,3
43665,4
43666,4
43667,4
43668,5
43669,5
43670,3
43671,3
43672,3
43673,2
43674,4
43675,2
43676,3
43677,3
43678,4
43679,4
43680,3
43681,3
43682,4
43683,2
43684,2
43685,3
43686,2
43687,4
43688,2
43689,2
43690,4
43691,5
43692,3
43693,3
43694,3
43695,3
43696,3
43697,4
43698,3
43699,2
43700,3
43701,2
43702,1
43703,2
43704,2
43705,2
43706,5
43707,3
43708,4
43709,3
43710,3
43711,2
43712,5
43713,5
43714,4
43715,4
43716,5
43717,3
43718,2
43719,2
43720,9
43721,3
43722,3
43723,4
43724,3
43725,3
43726,4
43727,1
43728,5
43729,5
43730,4
43731,4
43732,4
43733,7
43734,3
43735,3
43736,3
43737,3
43738,3
43739,4
43740,3
43741,5
43742,2
43743,4
43744,5
43745,3
43746,3
43747,3
43748,4
43749,2
43750,3
43751,3
43752,4
43753,4
43754,4
43755,2
43756,4
43757,4
43758,4
43759,4
43760,4
43761,3
43762,3
43763,2
43764,5
43765,3
43766,5
43767,2
43768,4
43769,3
43770,3
43771,3
43772,3
43773,3
43774,5
43775,4
43776,3
43777,2
43778,3
43779,4
43780,4
43781,3
43782,4
43783,3
43784,2
43785,4
43786,3
43787,3
43788,5
43789,3
43790,3
43791,2
43792,3
43793,1
43794,2
43795,3
43796,4
43797,2
43798,3
43799,3
43800,2
43801,2
43802,3
43803,3
43804,4
43805,5
43806,4
43807,3
43808,4
43809,2
43810,4
43811,3
43812,2
43813,4
43814,2
43815,4
43816,2
43817,4
43818,2
43819,2
43820,4
43821,3
43822,3
43823,4
43824,4
43825,2
43826,2
43827,4
43828,5
43829,2
43830,3
43831,3
43832,2
43833,2
43834,1
43835,4
43836,4
43837,4
43838,3
43839,7
43840,3
43841,2
43842,6
43843,2
43844,3
43845,4
43846,3
43847,4
43848,3
43849,5
43850,3
43851,4
43852,4
43853,4
43854,4
43855,5
43856,3
43857,2
43858,5
43859,2
43860,5
43861,1
43862,1
43863,3
43864,5
43865,7
43866,4
43867,2
43868,2
43869,3
43870,3
43871,3
43872,4
43873,2
43874,2
43875,4
43876,3
43877,3
43878,4
43879,1
43880,3
43881,4
43882,2
43883,6
43884,3
43885,4
43886,7
43887,4
43888,2
43889,3
43890,3
43891,2
43892,6
43893,2
43894,2
43895,5
43896,4
43897,4
43898,3
43899,2
43900,3
43901,5
43902,3
43903,4
43904,4
43905,1
43906,2
43907,2
43908,4
43909,4
43910,4
43911,1
43912,3
43913,3
43914,4
43915,2
43916,4
43917,2
43918,3
43919,2
43920,3
43921,4
43922,4
43923,5
43924,5
43925,5
43926,4
43927,4
43928,1
43929,4
43930,4
43931,4
43932,2
43933,4
43934,2
43935,4
43936,2
43937,4
43938,3
43939,3
43940,3
43941,3
43942,1
43943,8
43944,2
43945,3
43946,5
43947,4
43948,6
43949,1
43950,3
43951,4
43952,4
43953,3
43954,6
43955,6
43956,3
43957,4
43958,5
43959,5
43960,3
43961,3
43962,4
43963,2
43964,1
43965,3
43966,4
43967,4
43968,3
43969,4
43970,3
43971,3
43972,3
43973,3
43974,3
43975,6
43976,5
43977,3
43978,4
43979,4
43980,3
43981,5
43982,2
43983,4
43984,4
43985,4
43986,4
43987,3
43988,2
43989,2
43990,4
43991,3
43992,2
43993,8
43994,3
43995,4
43996,4
43997,2
43998,4
43999,3
44000,3
44001,4
44002,3
44003,5
44004,2
44005,4
44006,5
44007,4
44008,1
44009,4
44010,3
44011,4
44012,12
44013,4
44014,2
44015,3
44016,1
44017,3
44018,5
44019,2
44020,3
44021,6
44022,4
44023,3
44024,3
44025,3
44026,4
44027,3
44028,3
44029,2
44030,2
44031,4
44032,5
44033,2
44034,2
44035,3
44036,2
44037,2
44038,3
44039,3
44040,2
44041,6
44042,3
44043,3
44044,3
44045,5
44046,3
44047,4
44048,3
44049,1
44050,4
44051,3
44052,5
44053,4
44054,2
44055,4
44056,4
44057,2
44058,7
44059,3
44060,2
44061,7
44062,3
44063,3
44064,5
44065,3
44066,2
44067,4
44068,0
44069,2
44070,5
44071,3
44072,3
44073,3
44074,3
44075,6
44076,6
44077,3
44078,2
44079,4
44080,3
44081,2
44082,3
44083,3
44084,6
44085,6
44086,2
44087,4
44088,4
44089,3
44090,3
44091,4
44092,5
44093,2
44094,4
44095,3
44096,5
44097,5
44098,3
44099,3
44100,4
44101,3
44102,2
44103,4
44104,6
44105,4
44106,3
44107,3
44108,4
44109,3
44110,10
44111,3
44112,3
44113,10
44114,4
44115,3
44116,5
44117,5
44118,4
44119,2
44120,1
44121,3
44122,2
44123,1
44124,2
44125,2
44126,4
44127,3
44128,4
44129,1
44130,3
44131,2
44132,3
44133,2
44134,5
44135,4
44136,2
44137,4
44138,3
44139,3
44140,3
44141,8
44142,4
44143,4
44144,2
44145,3
44146,4
44147,3
44148,2
44149,2
44150,2
44151,3
44152,1
44153,3
44154,3
44155,5
44156,2
44157,2
44158,2
44159,4
44160,3
44161,3
44162,2
44163,4
44164,2
44165,2
44166,3
44167,2
44168,3
44169,6
44170,7
44171,4
44172,2
44173,5
44174,3
44175,4
44176,3
44177,3
44178,8
44179,3
44180,4
44181,3
44182,6
44183,2
44184,4
44185,4
44186,4
44187,4
44188,5
44189,2
44190,4
44191,3
44192,3
44193,4
44194,3
44195,3
44196,3
44197,1
44198,1
44199,3
44200,4
44201,3
44202,3
44203,6
44204,4
44205,12
44206,5
44207,4
44208,4
44209,5
44210,2
44211,4
44212,3
44213,3
44214,3
44215,3
44216,2
44217,3
44218,5
44219,5
44220,4
44221,2
44222,5
44223,3
44224,6
44225,3
44226,3
44227,3
44228,4
44229,3
44230,4
44231,3
44232,4
44233,3
44234,3
44235,4
44236,3
44237,2
44238,5
44239,4
44240,3
44241,4
44242,3
44243,5
44244,4
44245,4
44246,3
44247,2
44248,3
44249,5
44250,2
44251,4
44252,2
44253,6
44254,3
44255,3
44256,5
44257,3
44258,2
44259,3
44260,6
44261,2
44262,4
44263,9
44264,1
44265,5
44266,5
44267,3
44268,4
44269,6
44270,6
44271,5
44272,4
44273,3
44274,5
44275,2
44276,5
44277,4
44278,2
44279,5
44280,4
44281,5
44282,3
44283,6
44284,2
44285,2
44286,4
44287,4
44288,3
44289,2
44290,4
44291,4
44292,3
44293,5
44294,1
44295,6
44296,2
44297,1
44298,4
44299,3
44300,3
44301,5
44302,4
44303,2
44304,3
44305,4
44306,2
44307,3
44308,2
44309,3
44310,2
44311,2
44312,3
44313,3
44314,5
44315,4
44316,5
44317,5
44318,5
44319,2
44320,5
44321,3
44322,3
44323,4
44324,6
44325,3
44326,4
44327,2
44328,3
44329,1
44330,2
44331,4
44332,3
44333,3
44334,4
44335,4
44336,2
44337,2
44338,2
44339,4
44340,4
44341,3
44342,1
44343,4
44344,4
44345,3
44346,5
44347,3
44348,5
44349,3
44350,3
44351,2
44352,8
44353,2
44354,3
44355,5
44356,4
44357,3
44358,6
44359,5
44360,2
44361,4
44362,3
44363,2
44364,4
44365,4
44366,3
44367,7
44368,9
44369,4
44370,3
44371,3
44372,6
44373,4
44374,3
44375,6
44376,3
44377,3
44378,4
44379,5
44380,3
44381,3
44382,3
44383,6
44384,3
44385,3
44386,2
44387,4
44388,3
44389,5
44390,12
44391,3
44392,4
44393,2
44394,2
44395,4
44396,4
44397,4
44398,3
44399,5
44400,4
44401,3
44402,2
44403,3
44404,4
44405,3
44406,1
44407,5
44408,2
44409,8
44410,2
44411,2
44412,3
44413,2
44414,3
44415,4
44416,1
44417,5
44418,6
44419,1
44420,2
44421,2
44422,4
44423,4
44424,3
44425,3
44426,5
44427,3
44428,4
44429,5
44430,3
44431,4
44432,3
44433,2
44434,3
44435,7
44436,3
44437,5
44438,16
44439,4
44440,5
44441,1
44442,5
44443,3
44444,6
44445,9
44446,3
44447,3
44448,4
44449,4
44450,4
44451,1
44452,6
44453,5
44454,3
44455,3
44456,3
44457,4
44458,2
44459,4
44460,3
44461,2
44462,3
44463,4
44464,6
44465,4
44466,3
44467,3
44468,2
44469,3
44470,2
44471,1
44472,3
44473,4
44474,4
44475,7
44476,4
44477,3
44478,5
44479,4
44480,5
44481,5
44482,3
44483,3
44484,4
44485,3
44486,3
44487,6
44488,4
44489,2
44490,1
44491,4
44492,4
44493,3
44494,4
44495,4
44496,3
44497,2
44498,2
44499,3
44500,2
44501,2
44502,5
44503,2
44504,3
44505,4
44506,5
44507,3
44508,3
44509,2
44510,5
44511,3
44512,3
44513,4
44514,4
44515,3
44516,2
44517,3
44518,6
44519,3
44520,4
44521,3
44522,4
44523,4
44524,1
44525,6
44526,6
44527,2
44528,4
44529,1
44530,5
44531,5
44532,4
44533,2
44534,2
44535,5
44536,4
44537,2
44538,5
44539,2
44540,5
44541,7
44542,2
44543,1
44544,4
44545,4
44546,3
44547,4
44548,5
44549,2
44550,2
44551,2
44552,7
44553,2
44554,3
44555,5
44556,4
44557,3
44558,2
44559,3
44560,4
44561,4
44562,4
44563,3
44564,4
44565,6
44566,3
44567,4
44568,3
44569,3
44570,3
44571,4
44572,2
44573,3
44574,5
44575,4
44576,3
44577,4
44578,4
44579,4
44580,2
44581,5
44582,4
44583,4
44584,3
44585,9
44586,5
44587,2
44588,4
44589,3
44590,2
44591,4
44592,3
44593,2
44594,5
44595,3
44596,3
44597,3
44598,4
44599,3
44600,5
44601,3
44602,2
44603,2
44604,5
44605,4
44606,4
44607,9
44608,2
44609,3
44610,4
44611,4
44612,3
44613,5
44614,4
44615,3
44616,3
44617,4
44618,6
44619,4
44620,3
44621,5
44622,3
44623,4
44624,2
44625,2
44626,4
44627,3
44628,6
44629,4
44630,3
44631,4
44632,3
44633,3
44634,4
44635,4
44636,6
44637,4
44638,8
44639,3
44640,3
44641,4
44642,3
44643,4
44644,2
44645,4
44646,4
44647,5
44648,1
44649,3
44650,4
44651,4
44652,4
44653,3
44654,4
44655,2
44656,5
44657,2
44658,3
44659,4
44660,2
44661,2
44662,5
44663,5
44664,4
44665,2
44666,3
44667,2
44668,3
44669,3
44670,4
44671,2
44672,3
44673,2
44674,3
44675,4
44676,2
44677,2
44678,5
44679,2
44680,3
44681,4
44682,4
44683,5
44684,3
44685,3
44686,3
44687,4
44688,5
44689,4
44690,3
44691,3
44692,2
44693,6
44694,3
44695,4
44696,4
44697,3
44698,3
44699,4
44700,3
44701,3
44702,3
44703,3
44704,3
44705,5
44706,3
44707,4
44708,1
44709,5
44710,5
44711,4
44712,4
44713,4
44714,7
44715,5
44716,3
44717,4
44718,4
44719,2
44720,4
44721,3
44722,3
44723,2
44724,4
44725,3
44726,4
44727,4
44728,2
44729,6
44730,4
44731,4
44732,3
44733,3
44734,2
44735,4
44736,4
44737,1
44738,7
44739,5
44740,4
44741,2
44742,3
44743,3
44744,3
44745,2
44746,4
44747,4
44748,3
44749,9
44750,4
44751,2
44752,1
44753,5
44754,5
44755,3
44756,1
44757,3
44758,5
44759,5
44760,5
44761,3
44762,3
44763,4
44764,3
44765,2
44766,5
44767,5
44768,4
44769,5
44770,3
44771,2
44772,7
44773,5
44774,3
44775,2
44776,3
44777,3
44778,1
44779,5
44780,3
44781,3
44782,3
44783,2
44784,3
44785,3
44786,4
44787,4
44788,5
44789,5
44790,4
44791,5
44792,5
44793,4
44794,6
44795,5
44796,4
44797,4
44798,5
44799,3
44800,4
44801,2
44802,4
44803,4
44804,3
44805,4
44806,4
44807,3
44808,5
44809,5
44810,4
44811,4
44812,4
44813,1
44814,2
44815,3
44816,3
44817,3
44818,5
44819,6
44820,4
44821,5
44822,3
44823,4
44824,3
44825,3
44826,2
44827,3
44828,3
44829,3
44830,3
44831,8
44832,2
44833,2
44834,2
44835,2
44836,3
44837,3
44838,4
44839,5
44840,3
44841,2
44842,3
44843,2
44844,2
44845,4
44846,2
44847,4
44848,5
44849,4
44850,3
44851,3
44852,4
44853,3
44854,3
44855,4
44856,3
44857,5
44858,3
44859,2
44860,4
44861,4
44862,4
44863,2
44864,3
44865,4
44866,7
44867,4
44868,4
44869,4
44870,4
44871,2
44872,5
44873,4
44874,6
44875,4
44876,5
44877,2
44878,4
44879,1
44880,6
44881,3
44882,3
44883,3
44884,2
44885,8
44886,3
44887,2
44888,2
44889,3
44890,3
44891,3
44892,7
44893,5
44894,2
44895,4
44896,4
44897,3
44898,2
44899,4
44900,6
44901,4
44902,3
44903,3
44904,3
44905,4
44906,4
44907,3
44908,5
44909,2
44910,6
44911,3
44912,4
44913,3
44914,4
44915,2
44916,4
44917,5
44918,3
44919,2
44920,2
44921,4
44922,3
44923,4
44924,1
44925,2
44926,3
44927,5
44928,4
44929,5
44930,2
44931,4
44932,8
44933,2
44934,5
44935,3
44936,4
44937,3
44938,6
44939,4
44940,4
44941,5
44942,1
44943,3
44944,2
44945,2
44946,5
44947,5
44948,3
44949,6
44950,2
44951,5
44952,2
44953,4
44954,3
44955,2
44956,3
44957,4
44958,4
44959,3
44960,4
44961,4
44962,5
44963,3
44964,3
44965,3
44966,5
44967,2
44968,3
44969,3
44970,5
44971,7
44972,4
44973,3
44974,3
44975,3
44976,5
44977,2
44978,2
44979,4
44980,3
44981,4
44982,5
44983,2
44984,4
44985,2
44986,3
44987,4
44988,5
44989,3
44990,3
44991,3
44992,3
44993,4
44994,4
44995,6
44996,2
44997,6
44998,2
44999,2
45000,4
45001,3
45002,3
45003,4
45004,5
45005,3
45006,4
45007,3
45008,4
45009,3
45010,2
45011,3
45012,4
45013,2
45014,4
45015,4
45016,5
45017,3
45018,4
45019,3
45020,4
45021,3
45022,2
45023,5
45024,3
45025,2
45026,3
45027,10
45028,5
45029,10
45030,4
45031,4
45032,4
45033,5
45034,6
45035,3
45036,3
45037,3
45038,3
45039,3
45040,3
45041,3
45042,4
45043,3
45044,3
45045,4
45046,3
45047,3
45048,5
45049,4
45050,4
45051,2
45052,4
45053,4
45054,5
45055,2
45056,4
45057,2
45058,3
45059,3
45060,2
45061,4
45062,3
45063,4
45064,2
45065,3
45066,3
45067,3
45068,4
45069,3
45070,4
45071,4
45072,4
45073,4
45074,5
45075,3
45076,5
45077,2
45078,4
45079,2
45080,2
45081,2
45082,3
45083,4
45084,4
45085,5
45086,2
45087,5
45088,5
45089,2
45090,2
45091,3
45092,5
45093,0
45094,1
45095,4
45096,2
45097,3
45098,2
45099,7
45100,6
45101,3
45102,4
45103,3
45104,3
45105,3
45106,4
45107,1
45108,3
45109,4
45110,3
45111,3
45112,2
45113,2
45114,1
45115,4
45116,3
45117,4
45118,2
45119,4
45120,2
45121,4
45122,5
45123,3
45124,4
45125,4
45126,3
45127,5
45128,4
45129,2
45130,4
45131,2
45132,3
45133,4
45134,4
45135,3
45136,3
45137,5
45138,3
45139,0
45140,2
45141,1
45142,2
45143,4
45144,4
45145,3
45146,4
45147,5
45148,3
45149,3
45150,1
45151,3
45152,2
45153,2
45154,3
45155,3
45156,3
45157,4
45158,5
45159,4
45160,9
45161,5
45162,3
45163,4
45164,6
45165,1
45166,5
45167,1
45168,4
45169,2
45170,6
45171,8
45172,5
45173,3
45174,2
45175,4
45176,2
45177,2
45178,1
45179,9
45180,5
45181,6
45182,6
45183,3
45184,3
45185,4
45186,4
45187,2
45188,5
45189,4
45190,6
45191,3
45192,1
45193,2
45194,3
45195,4
45196,3
45197,2
45198,3
45199,4
45200,2
45201,3
45202,6
45203,4
45204,6
45205,4
45206,4
45207,3
45208,2
45209,3
45210,5
45211,3
45212,2
45213,4
45214,2
45215,3
45216,5
45217,3
45218,4
45219,4
45220,5
45221,6
45222,3
45223,3
45224,5
45225,4
45226,5
45227,3
45228,3
45229,4
45230,4
45231,2
45232,1
45233,5
45234,3
45235,5
45236,4
45237,4
45238,2
45239,4
45240,4
45241,3
45242,5
45243,4
45244,3
45245,2
45246,4
45247,6
45248,2
45249,3
45250,4
45251,8
45252,3
45253,4
45254,6
45255,2
45256,4
45257,7
45258,4
45259,4
45260,4
45261,2
45262,4
45263,4
45264,4
45265,4
45266,3
45267,6
45268,4
45269,2
45270,5
45271,3
45272,3
45273,4
45274,3
45275,2
45276,3
45277,3
45278,3
45279,3
45280,4
45281,2
45282,6
45283,2
45284,3
45285,4
45286,5
45287,4
45288,3
45289,2
45290,3
45291,3
45292,5
45293,4
45294,5
45295,3
45296,4
45297,3
45298,3
45299,2
45300,2
45301,3
45302,2
45303,1
45304,3
45305,2
45306,3
45307,2
45308,4
45309,3
45310,5
45311,5
45312,1
45313,2
45314,3
45315,4
45316,3
45317,5
45318,3
45319,2
45320,5
45321,4
45322,2
45323,2
45324,1
45325,2
45326,3
45327,3
45328,3
45329,5
45330,3
45331,3
45332,7
45333,3
45334,2
45335,4
45336,4
45337,8
45338,5
45339,2
45340,5
45341,3
45342,4
45343,4
45344,4
45345,3
45346,2
45347,1
45348,3
45349,6
45350,3
45351,4
45352,4
45353,1
45354,3
45355,4
45356,3
45357,2
45358,3
45359,4
45360,4
45361,3
45362,3
45363,3
45364,5
45365,3
45366,3
45367,3
45368,3
45369,4
45370,3
45371,4
45372,2
45373,4
45374,3
45375,4
45376,2
45377,3
45378,4
45379,4
45380,3
45381,4
45382,4
45383,5
45384,3
45385,4
45386,3
45387,1
45388,6
45389,3
45390,5
45391,2
45392,4
45393,2
45394,4
45395,2
45396,4
45397,4
45398,3
45399,4
45400,5
45401,2
45402,1
45403,3
45404,6
45405,1
45406,2
45407,3
45408,4
45409,4
45410,3
45411,3
45412,3
45413,3
45414,4
45415,4
45416,6
45417,2
45418,8
45419,4
45420,3
45421,2
45422,3
45423,2
45424,3
45425,2
45426,5
45427,8
45428,5
45429,4
45430,3
45431,3
45432,3
45433,4
45434,2
45435,5
45436,1
45437,2
45438,3
45439,2
45440,3
45441,4
45442,3
45443,3
45444,3
45445,5
45446,4
45447,3
45448,4
45449,4
45450,4
45451,4
45452,2
45453,4
45454,4
45455,2
45456,4
45457,3
45458,3
45459,11
45460,4
45461,3
45462,3
45463,6
45464,3
45465,6
45466,3
45467,5
45468,2
45469,5
45470,6
45471,3
45472,3
45473,3
45474,3
45475,2
45476,5
45477,3
45478,4
45479,3
45480,2
45481,3
45482,1
45483,4
45484,4
45485,4
45486,4
45487,2
45488,3
45489,4
45490,3
45491,2
45492,5
45493,4
45494,2
45495,4
45496,3
45497,5
45498,4
45499,3
45500,2
45501,2
45502,3
45503,2
45504,3
45505,3
45506,4
45507,3
45508,4
45509,4
45510,2
45511,4
45512,4
45513,4
45514,2
45515,3
45516,3
45517,3
45518,2
45519,2
45520,3
45521,2
45522,4
45523,6
45524,4
45525,4
45526,3
45527,2
45528,4
45529,2
45530,4
45531,2
45532,3
45533,3
45534,3
45535,4
45536,2
45537,4
45538,4
45539,4
45540,3
45541,3
45542,4
45543,3
45544,2
45545,2
45546,5
45547,4
45548,4
45549,3
45550,2
45551,5
45552,3
45553,3
45554,2
45555,2
45556,2
45557,4
45558,3
45559,2
45560,3
45561,2
45562,4
45563,2
45564,4
45565,2
45566,2
45567,4
45568,4
45569,3
45570,3
45571,7
45572,4
45573,4
45574,3
45575,4
45576,6
45577,3
45578,5
45579,3
45580,4
45581,8
45582,4
45583,2
45584,4
45585,2
45586,3
45587,5
45588,4
45589,2
45590,5
45591,6
45592,4
45593,3
45594,4
45595,2
45596,9
45597,1
45598,2
45599,8
45600,3
45601,3
45602,2
45603,5
45604,3
45605,2
45606,2
45607,4
45608,3
45609,2
45610,4
45611,5
45612,5
45613,2
45614,2
45615,2
45616,4
45617,3
45618,3
45619,2
45620,1
45621,3
45622,4
45623,5
45624,1
45625,2
45626,3
45627,4
45628,2
45629,5
45630,2
45631,3
45632,3
45633,5
45634,7
45635,3
45636,4
45637,3
45638,4
45639,3
45640,3
45641,6
45642,2
45643,7
45644,3
45645,4
45646,5
45647,6
45648,3
45649,4
45650,3
45651,6
45652,3
45653,3
45654,3
45655,5
45656,1
45657,5
45658,2
45659,2
45660,5
45661,3
45662,2
45663,4
45664,5
45665,6
45666,8
45667,6
45668,7
45669,5
45670,2
45671,5
45672,3
45673,4
45674,3
45675,4
45676,4
45677,3
45678,4
45679,2
45680,2
45681,3
45682,3
45683,2
45684,6
45685,4
45686,5
45687,6
45688,4
45689,4
45690,6
45691,3
45692,4
45693,4
45694,3
45695,3
45696,3
45697,3
45698,3
45699,2
45700,5
45701,4
45702,4
45703,2
45704,3
45705,3
45706,3
45707,5
45708,2
45709,3
45710,3
45711,4
45712,5
45713,4
45714,4
45715,4
45716,2
45717,3
45718,3
45719,3
45720,5
45721,3
45722,3
45723,4
45724,2
45725,3
45726,6
45727,2
45728,4
45729,3
45730,3
45731,2
45732,7
45733,4
45734,2
45735,3
45736,4
45737,2
45738,5
45739,2
45740,5
45741,4
45742,4
45743,2
45744,3
45745,4
45746,4
45747,3
45748,3
45749,3
45750,3
45751,3
45752,4
45753,2
45754,4
45755,4
45756,3
45757,4
45758,4
45759,5
45760,3
45761,2
45762,3
45763,3
45764,4
45765,3
45766,4
45767,4
45768,3
45769,4
45770,2
45771,2
45772,3
45773,3
45774,3
45775,3
45776,3
45777,3
45778,4
45779,4
45780,2
45781,3
45782,3
45783,3
45784,2
45785,3
45786,4
45787,8
45788,2
45789,5
45790,3
45791,3
45792,2
45793,2
45794,4
45795,4
45796,2
45797,4
45798,3
45799,3
45800,2
45801,4
45802,3
45803,3
45804,6
45805,5
45806,4
45807,5
45808,3
45809,4
45810,3
45811,5
45812,5
45813,3
45814,3
45815,2
45816,2
45817,4
45818,3
45819,3
45820,2
45821,3
45822,2
45823,4
45824,2
45825,2
45826,2
45827,4
45828,5
45829,5
45830,5
45831,3
45832,4
45833,2
45834,9
45835,4
45836,4
45837,4
45838,3
45839,3
45840,5
45841,2
45842,3
45843,3
45844,4
45845,4
45846,3
45847,2
45848,2
45849,5
45850,3
45851,4
45852,3
45853,4
45854,6
45855,4
45856,4
45857,4
45858,3
45859,3
45860,6
45861,5
45862,2
45863,3
45864,4
45865,4
45866,4
45867,2
45868,5
45869,2
45870,4
45871,5
45872,4
45873,2
45874,2
45875,4
45876,2
45877,3
45878,5
45879,2
45880,4
45881,2
45882,5
45883,2
45884,3
45885,4
45886,3
45887,3
45888,3
45889,8
45890,2
45891,3
45892,2
45893,2
45894,4
45895,4
45896,4
45897,4
45898,3
45899,4
45900,4
45901,3
45902,2
45903,3
45904,2
45905,4
45906,3
45907,4
45908,3
45909,3
45910,4
45911,2
45912,5
45913,4
45914,3
45915,3
45916,3
45917,4
45918,5
45919,5
45920,2
45921,5
45922,2
45923,5
45924,3
45925,5
45926,4
45927,3
45928,3
45929,2
45930,3
45931,3
45932,3
45933,3
45934,2
45935,4
45936,5
45937,4
45938,2
45939,4
45940,6
45941,3
45942,2
45943,6
45944,5
45945,2
45946,5
45947,5
45948,4
45949,0
45950,4
45951,4
45952,4
45953,3
45954,4
45955,2
45956,5
45957,7
45958,4
45959,3
45960,5
45961,4
45962,4
45963,2
45964,2
45965,2
45966,4
45967,2
45968,4
45969,2
45970,3
45971,3
45972,10
45973,4
45974,2
45975,3
45976,3
45977,4
45978,1
45979,4
45980,2
45981,3
45982,2
45983,3
45984,3
45985,4
45986,2
45987,2
45988,2
45989,4
45990,4
45991,4
45992,2
45993,2
45994,4
45995,2
45996,5
45997,2
45998,1
45999,4
46000,1
46001,3
46002,4
46003,3
46004,2
46005,3
46006,3
46007,4
46008,4
46009,4
46010,3
46011,3
46012,3
46013,3
46014,2
46015,3
46016,3
46017,4
46018,5
46019,3
46020,3
46021,4
46022,5
46023,3
46024,6
46025,2
46026,2
46027,2
46028,5
46029,5
46030,3
46031,2
46032,3
46033,3
46034,3
46035,4
46036,3
46037,5
46038,7
46039,4
46040,4
46041,3
46042,5
46043,3
46044,3
46045,3
46046,7
46047,3
46048,5
46049,4
46050,3
46051,3
46052,4
46053,3
46054,4
46055,7
46056,3
46057,2
46058,2
46059,4
46060,2
46061,4
46062,4
46063,7
46064,4
46065,3
46066,3
46067,1
46068,3
46069,3
46070,4
46071,1
46072,4
46073,3
46074,4
46075,3
46076,6
46077,1
46078,4
46079,5
46080,4
46081,3
46082,4
46083,3
46084,3
46085,7
46086,3
46087,2
46088,2
46089,5
46090,3
46091,2
46092,4
46093,3
46094,3
46095,3
46096,7
46097,6
46098,3
46099,6
46100,2
46101,4
46102,3
46103,3
46104,4
46105,5
46106,3
46107,4
46108,6
46109,2
46110,3
46111,3
46112,3
46113,3
46114,2
46115,3
46116,7
46117,5
46118,7
46119,5
46120,4
46121,3
46122,2
46123,5
46124,3
46125,9
46126,5
46127,2
46128,2
46129,1
46130,4
46131,3
46132,3
46133,4
46134,3
46135,4
46136,5
46137,2
46138,3
46139,3
46140,2
46141,3
46142,3
46143,2
46144,7
46145,2
46146,6
46147,5
46148,3
46149,3
46150,1
46151,3
46152,5
46153,3
46154,3
46155,6
46156,5
46157,3
46158,4
46159,2
46160,2
46161,3
46162,3
46163,4
46164,4
46165,5
46166,3
46167,3
46168,4
46169,5
46170,2
46171,4
46172,3
46173,3
46174,3
46175,4
46176,2
46177,2
46178,2
46179,4
46180,1
46181,4
46182,6
46183,2
46184,5
46185,3
46186,4
46187,4
46188,2
46189,2
46190,3
46191,5
46192,4
46193,3
46194,4
46195,2
46196,4
46197,5
46198,2
46199,4
46200,5
46201,3
46202,4
46203,2
46204,1
46205,3
46206,1
46207,3
46208,3
46209,4
46210,3
46211,3
46212,3
46213,5
46214,3
46215,2
46216,3
46217,3
46218,3
46219,2
46220,6
46221,4
46222,3
46223,8
46224,3
46225,2
46226,3
46227,3
46228,1
46229,3
46230,3
46231,3
46232,4
46233,4
46234,6
46235,3
46236,4
46237,3
46238,3
46239,2
46240,3
46241,3
46242,8
46243,6
46244,3
46245,4
46246,2
46247,2
46248,5
46249,3
46250,2
46251,3
46252,2
46253,4
46254,7
46255,5
46256,2
46257,5
46258,3
46259,3
46260,5
46261,2
46262,3
46263,3
46264,3
46265,4
46266,3
46267,6
46268,3
46269,4
46270,4
46271,5
46272,3
46273,5
46274,6
46275,3
46276,4
46277,3
46278,7
46279,3
46280,3
46281,4
46282,2
46283,5
46284,5
46285,1
46286,2
46287,3
46288,2
46289,5
46290,6
46291,3
46292,3
46293,5
46294,2
46295,4
46296,4
46297,4
46298,2
46299,4
46300,7
46301,3
46302,3
46303,2
46304,4
46305,4
46306,2
46307,3
46308,2
46309,4
46310,4
46311,4
46312,5
46313,3
46314,5
46315,2
46316,5
46317,3
46318,4
46319,6
46320,3
46321,5
46322,3
46323,3
46324,5
46325,5
46326,3
46327,2
46328,2
46329,2
46330,4
46331,3
46332,3
46333,4
46334,2
46335,3
46336,5
46337,4
46338,2
46339,5
46340,6
46341,6
46342,4
46343,5
46344,2
46345,7
46346,3
46347,4
46348,3
46349,4
46350,6
46351,3
46352,3
46353,4
46354,4
46355,3
46356,7
46357,4
46358,3
46359,4
46360,5
46361,3
46362,7
46363,2
46364,5
46365,4
46366,4
46367,3
46368,11
46369,6
46370,3
46371,2
46372,4
46373,5
46374,2
46375,4
46376,4
46377,5
46378,3
46379,7
46380,3
46381,6
46382,7
46383,3
46384,2
46385,2
46386,2
46387,3
46388,4
46389,3
46390,4
46391,2
46392,10
46393,6
46394,4
46395,3
46396,4
46397,3
46398,6
46399,5
46400,5
46401,4
46402,3
46403,4
46404,2
46405,3
46406,4
46407,4
46408,2
46409,5
46410,5
46411,5
46412,2
46413,5
46414,5
46415,2
46416,2
46417,3
46418,3
46419,2
46420,2
46421,3
46422,4
46423,3
46424,6
46425,3
46426,4
46427,4
46428,4
46429,5
46430,4
46431,3
46432,4
46433,3
46434,8
46435,2
46436,4
46437,2
46438,4
46439,6
46440,3
46441,4
46442,5
46443,4
46444,3
46445,3
46446,4
46447,4
46448,1
46449,2
46450,2
46451,1
46452,4
46453,3
46454,4
46455,6
46456,3
46457,4
46458,2
46459,4
46460,8
46461,6
46462,4
46463,5
46464,3
46465,6
46466,5
46467,3
46468,3
46469,4
46470,4
46471,3
46472,3
46473,2
46474,3
46475,3
46476,6
46477,5
46478,4
46479,6
46480,3
46481,3
46482,7
46483,3
46484,4
46485,8
46486,3
46487,5
46488,2
46489,3
46490,3
46491,4
46492,2
46493,6
46494,5
46495,2
46496,5
46497,3
46498,9
46499,3
46500,5
46501,4
46502,4
46503,2
46504,2
46505,2
46506,3
46507,4
46508,9
46509,3
46510,3
46511,2
46512,3
46513,2
46514,2
46515,4
46516,4
46517,3
46518,3
46519,2
46520,2
46521,5
46522,3
46523,3
46524,2
46525,4
46526,2
46527,5
46528,3
46529,2
46530,4
46531,5
46532,3
46533,3
46534,4
46535,4
46536,4
46537,5
46538,6
46539,3
46540,2
46541,2
46542,2
46543,3
46544,1
46545,4
46546,3
46547,6
46548,3
46549,2
46550,3
46551,2
46552,2
46553,4
46554,5
46555,4
46556,2
46557,4
46558,7
46559,3
46560,6
46561,3
46562,4
46563,4
46564,4
46565,4
46566,3
46567,5
46568,4
46569,4
46570,2
46571,2
46572,5
46573,4
46574,4
46575,3
46576,4
46577,4
46578,4
46579,4
46580,3
46581,5
46582,3
46583,4
46584,4
46585,3
46586,3
46587,2
46588,5
46589,4
46590,2
46591,4
46592,3
46593,5
46594,2
46595,3
46596,2
46597,2
46598,3
46599,2
46600,4
46601,10
46602,9
46603,5
46604,4
46605,5
46606,2
46607,3
46608,2
46609,3
46610,4
46611,1
46612,7
46613,8
46614,2
46615,5
46616,2
46617,4
46618,5
46619,4
46620,6
46621,4
46622,3
46623,2
46624,3
46625,3
46626,3
46627,4
46628,3
46629,5
46630,4
46631,5
46632,2
46633,2
46634,2
46635,3
46636,3
46637,2
46638,4
46639,4
46640,2
46641,4
46642,2
46643,3
46644,5
46645,4
46646,4
46647,1
46648,3
46649,0
46650,2
46651,3
46652,4
46653,3
46654,4
46655,2
46656,3
46657,5
46658,4
46659,3
46660,2
46661,2
46662,4
46663,2
46664,3
46665,3
46666,7
46667,1
46668,4
46669,5
46670,3
46671,5
46672,4
46673,2
46674,2
46675,5
46676,3
46677,3
46678,2
46679,2
46680,5
46681,3
46682,3
46683,4
46684,2
46685,3
46686,4
46687,3
46688,2
46689,6
46690,3
46691,3
46692,4
46693,4
46694,3
46695,4
46696,4
46697,3
46698,4
46699,4
46700,5
46701,2
46702,2
46703,3
46704,2
46705,3
46706,3
46707,5
46708,3
46709,6
46710,4
46711,4
46712,5
46713,5
46714,6
46715,2
46716,2
46717,5
46718,3
46719,6
46720,4
46721,3
46722,7
46723,2
46724,4
46725,5
46726,3
46727,3
46728,4
46729,1
46730,3
46731,3
46732,3
46733,5
46734,3
46735,3
46736,2
46737,2
46738,7
46739,2
46740,3
46741,4
46742,3
46743,3
46744,1
46745,5
46746,4
46747,4
46748,5
46749,3
46750,7
46751,2
46752,2
46753,5
46754,3
46755,3
46756,3
46757,2
46758,2
46759,2
46760,6
46761,4
46762,1
46763,4
46764,3
46765,3
46766,4
46767,2
46768,3
46769,4
46770,4
46771,4
46772,5
46773,3
46774,3
46775,4
46776,4
46777,4
46778,3
46779,4
46780,5
46781,3
46782,5
46783,4
46784,3
46785,3
46786,4
46787,4
46788,2
46789,8
46790,4
46791,4
46792,5
46793,4
46794,3
46795,7
46796,2
46797,5
46798,2
46799,2
46800,3
46801,4
46802,3
46803,3
46804,4
46805,3
46806,3
46807,2
46808,3
46809,2
46810,6
46811,2
46812,4
46813,3
46814,4
46815,2
46816,4
46817,2
46818,2
46819,10
46820,3
46821,7
46822,4
46823,4
46824,4
46825,4
46826,5
46827,3
46828,3
46829,4
46830,3
46831,4
46832,7
46833,5
46834,3
46835,3
46836,4
46837,6
46838,4
46839,2
46840,3
46841,4
46842,3
46843,5
46844,2
46845,3
46846,4
46847,4
46848,3
46849,5
46850,3
46851,8
46852,4
46853,3
46854,3
46855,4
46856,3
46857,4
46858,4
46859,3
46860,4
46861,3
46862,2
46863,4
46864,3
46865,3
46866,4
46867,2
46868,2
46869,3
46870,4
46871,7
46872,3
46873,2
46874,2
46875,3
46876,8
46877,2
46878,6
46879,3
46880,6
46881,4
46882,1
46883,4
46884,3
46885,9
46886,2
46887,6
46888,4
46889,5
46890,3
46891,3
46892,3
46893,2
46894,3
46895,4
46896,5
46897,4
46898,2
46899,4
46900,3
46901,2
46902,2
46903,4
46904,3
46905,3
46906,3
46907,4
46908,4
46909,5
46910,2
46911,2
46912,4
46913,9
46914,4
46915,4
46916,2
46917,5
46918,4
46919,4
46920,2
46921,5
46922,3
46923,5
46924,4
46925,6
46926,4
46927,4
46928,2
46929,5
46930,3
46931,4
46932,4
46933,3
46934,5
46935,2
46936,3
46937,5
46938,5
46939,3
46940,4
46941,3
46942,4
46943,3
46944,3
46945,4
46946,3
46947,2
46948,5
46949,3
46950,3
46951,3
46952,3
46953,5
46954,5
46955,3
46956,4
46957,4
46958,10
46959,4
46960,4
46961,5
46962,2
46963,2
46964,3
46965,3
46966,4
46967,5
46968,4
46969,4
46970,2
46971,5
46972,3
46973,4
46974,3
46975,2
46976,2
46977,2
46978,3
46979,4
46980,1
46981,2
46982,1
46983,2
46984,4
46985,5
46986,3
46987,4
46988,4
46989,3
46990,3
46991,2
46992,2
46993,3
46994,3
46995,4
46996,3
46997,2
46998,2
46999,4
47000,4
47001,3
47002,2
47003,4
47004,3
47005,4
47006,4
47007,2
47008,3
47009,3
47010,4
47011,2
47012,3
47013,5
47014,2
47015,7
47016,4
47017,3
47018,3
47019,2
47020,4
47021,3
47022,5
47023,3
47024,2
47025,2
47026,8
47027,2
47028,6
47029,3
47030,5
47031,2
47032,3
47033,2
47034,2
47035,4
47036,3
47037,5
47038,3
47039,3
47040,2
47041,2
47042,4
47043,3
47044,4
47045,2
47046,3
47047,3
47048,3
47049,3
47050,4
47051,3
47052,1
47053,3
47054,4
47055,4
47056,5
47057,4
47058,1
47059,2
47060,1
47061,2
47062,4
47063,1
47064,3
47065,3
47066,1
47067,4
47068,3
47069,3
47070,3
47071,3
47072,4
47073,4
47074,2
47075,7
47076,7
47077,3
47078,7
47079,4
47080,6
47081,5
47082,4
47083,3
47084,1
47085,4
47086,8
47087,3
47088,3
47089,6
47090,2
47091,2
47092,2
47093,2
47094,3
47095,3
47096,4
47097,4
47098,3
47099,2
47100,6
47101,2
47102,5
47103,3
47104,1
47105,3
47106,3
47107,2
47108,3
47109,5
47110,3
47111,3
47112,3
47113,3
47114,4
47115,5
47116,3
47117,3
47118,7
47119,2
47120,4
47121,2
47122,3
47123,4
47124,3
47125,4
47126,4
47127,4
47128,4
47129,3
47130,1
47131,4
47132,6
47133,3
47134,3
47135,4
47136,5
47137,6
47138,3
47139,5
47140,5
47141,4
47142,3
47143,4
47144,3
47145,6
47146,3
47147,5
47148,9
47149,1
47150,4
47151,4
47152,2
47153,5
47154,4
47155,2
47156,2
47157,2
47158,3
47159,4
47160,3
47161,4
47162,2
47163,4
47164,2
47165,3
47166,5
47167,5
47168,5
47169,2
47170,4
47171,4
47172,4
47173,2
47174,1
47175,4
47176,2
47177,1
47178,4
47179,3
47180,2
47181,3
47182,7
47183,4
47184,4
47185,3
47186,5
47187,5
47188,1
47189,2
47190,4
47191,9
47192,2
47193,2
47194,4
47195,3
47196,5
47197,3
47198,4
47199,3
47200,2
47201,2
47202,3
47203,4
47204,3
47205,1
47206,4
47207,4
47208,4
47209,4
47210,3
47211,3
47212,2
47213,6
47214,3
47215,1
47216,6
47217,2
47218,4
47219,6
47220,4
47221,8
47222,3
47223,5
47224,5
47225,4
47226,5
47227,3
47228,5
47229,3
47230,3
47231,4
47232,3
47233,3
47234,5
47235,3
47236,4
47237,4
47238,5
47239,5
47240,4
47241,4
47242,4
47243,3
47244,3
47245,3
47246,3
47247,3
47248,5
47249,5
47250,3
47251,3
47252,2
47253,7
47254,3
47255,3
47256,4
47257,2
47258,4
47259,4
47260,2
47261,3
47262,4
47263,2
47264,5
47265,3
47266,4
47267,4
47268,5
47269,2
47270,5
47271,3
47272,3
47273,2
47274,3
47275,5
47276,5
47277,4
47278,3
47279,2
47280,3
47281,3
47282,6
47283,3
47284,3
47285,5
47286,2
47287,3
47288,3
47289,4
47290,3
47291,3
47292,2
47293,3
47294,3
47295,3
47296,4
47297,2
47298,5
47299,4
47300,3
47301,5
47302,3
47303,2
47304,3
47305,7
47306,6
47307,1
47308,4
47309,4
47310,4
47311,6
47312,3
47313,4
47314,5
47315,6
47316,4
47317,3
47318,2
47319,2
47320,4
47321,2
47322,4
47323,2
47324,4
47325,4
47326,4
47327,2
47328,4
47329,4
47330,6
47331,4
47332,2
47333,10
47334,4
47335,2
47336,5
47337,5
47338,4
47339,4
47340,7
47341,3
47342,2
47343,7
47344,3
47345,9
47346,3
47347,3
47348,5
47349,3
47350,2
47351,4
47352,4
47353,4
47354,4
47355,3
47356,3
47357,3
47358,3
47359,2
47360,5
47361,4
47362,2
47363,6
47364,4
47365,3
47366,1
47367,4
47368,2
47369,6
47370,6
47371,3
47372,3
47373,8
47374,2
47375,5
47376,4
47377,4
47378,4
47379,2
47380,2
47381,3
47382,2
47383,4
47384,4
47385,4
47386,2
47387,3
47388,3
47389,5
47390,2
47391,5
47392,6
47393,2
47394,2
47395,6
47396,6
47397,2
47398,3
47399,4
47400,2
47401,3
47402,3
47403,4
47404,3
47405,2
47406,3
47407,5
47408,3
47409,3
47410,4
47411,2
47412,3
47413,2
47414,1
47415,3
47416,2
47417,3
47418,4
47419,3
47420,7
47421,6
47422,3
47423,6
47424,5
47425,3
47426,4
47427,3
47428,3
47429,3
47430,5
47431,4
47432,4
47433,4
47434,5
47435,3
47436,3
47437,4
47438,2
47439,3
47440,2
47441,4
47442,3
47443,4
47444,2
47445,6
47446,3
47447,5
47448,3
47449,5
47450,5
47451,3
47452,3
47453,3
47454,3
47455,3
47456,4
47457,6
47458,3
47459,3
47460,4
47461,3
47462,2
47463,3
47464,4
47465,3
47466,1
47467,1
47468,3
47469,5
47470,5
47471,3
47472,3
47473,3
47474,4
47475,6
47476,4
47477,2
47478,4
47479,4
47480,3
47481,4
47482,5
47483,3
47484,3
47485,3
47486,2
47487,2
47488,5
47489,4
47490,2
47491,1
47492,4
47493,4
47494,8
47495,5
47496,5
47497,2
47498,3
47499,9
47500,6
47501,3
47502,6
47503,3
47504,2
47505,1
47506,1
47507,4
47508,4
47509,6
47510,7
47511,3
47512,3
47513,4
47514,4
47515,5
47516,4
47517,2
47518,2
47519,5
47520,5
47521,3
47522,4
47523,6
47524,3
47525,4
47526,4
47527,6
47528,3
47529,4
47530,5
47531,2
47532,4
47533,4
47534,0
47535,1
47536,3
47537,1
47538,1
47539,2
47540,3
47541,2
47542,3
47543,2
47544,4
47545,4
47546,2
47547,4
47548,2
47549,8
47550,2
47551,4
47552,3
47553,3
47554,4
47555,7
47556,3
47557,4
47558,1
47559,3
47560,8
47561,4
47562,3
47563,3
47564,3
47565,4
47566,4
47567,3
47568,3
47569,6
47570,3
47571,3
47572,6
47573,2
47574,9
47575,5
47576,4
47577,5
47578,3
47579,2
47580,4
47581,3
47582,4
47583,4
47584,4
47585,4
47586,2
47587,4
47588,3
47589,4
47590,2
47591,2
47592,3
47593,4
47594,3
47595,3
47596,6
47597,3
47598,4
47599,4
47600,4
47601,2
47602,3
47603,4
47604,3
47605,3
47606,4
47607,4
47608,3
47609,1
47610,2
47611,2
47612,1
47613,4
47614,2
47615,5
47616,5
47617,2
47618,4
47619,2
47620,3
47621,2
47622,2
47623,2
47624,5
47625,3
47626,2
47627,4
47628,3
47629,2
47630,3
47631,9
47632,3
47633,4
47634,5
47635,4
47636,3
47637,7
47638,2
47639,2
47640,2
47641,4
47642,3
47643,2
47644,6
47645,6
47646,6
47647,5
47648,2
47649,3
47650,5
47651,3
47652,4
47653,4
47654,3
47655,3
47656,2
47657,6
47658,2
47659,8
47660,4
47661,4
47662,6
47663,4
47664,4
47665,3
47666,4
47667,4
47668,4
47669,3
47670,3
47671,1
47672,3
47673,3
47674,4
47675,3
47676,3
47677,3
47678,2
47679,3
47680,3
47681,4
47682,5
47683,5
47684,2
47685,2
47686,3
47687,4
47688,3
47689,4
47690,3
47691,3
47692,4
47693,2
47694,2
47695,5
47696,1
47697,2
47698,2
47699,5
47700,5
47701,3
47702,5
47703,4
47704,2
47705,3
47706,3
47707,3
47708,2
47709,7
47710,5
47711,5
47712,4
47713,2
47714,2
47715,3
47716,3
47717,4
47718,2
47719,6
47720,3
47721,2
47722,4
47723,2
47724,2
47725,8
47726,5
47727,3
47728,4
47729,3
47730,3
47731,3
47732,1
47733,5
47734,2
47735,3
47736,4
47737,3
47738,3
47739,3
47740,3
47741,4
47742,3
47743,3
47744,4
47745,4
47746,3
47747,2
47748,4
47749,4
47750,4
47751,5
47752,5
47753,5
47754,2
47755,5
47756,3
47757,3
47758,2
47759,5
47760,3
47761,3
47762,3
47763,2
47764,3
47765,5
47766,3
47767,2
47768,2
47769,2
47770,2
47771,3
47772,3
47773,5
47774,7
47775,8
47776,4
47777,4
47778,4
47779,4
47780,8
47781,4
47782,3
47783,4
47784,4
47785,3
47786,5
47787,4
47788,4
47789,2
47790,2
47791,3
47792,5
47793,3
47794,3
47795,4
47796,3
47797,2
47798,3
47799,2
47800,5
47801,4
47802,6
47803,4
47804,5
47805,1
47806,3
47807,5
47808,5
47809,9
47810,6
47811,1
47812,2
47813,1
47814,4
47815,6
47816,5
47817,4
47818,4
47819,3
47820,3
47821,4
47822,4
47823,4
47824,3
47825,4
47826,1
47827,3
47828,5
47829,3
47830,3
47831,4
47832,4
47833,1
47834,10
47835,2
47836,4
47837,4
47838,4
47839,3
47840,3
47841,5
47842,3
47843,4
47844,5
47845,3
47846,3
47847,2
47848,3
47849,4
47850,3
47851,4
47852,4
47853,3
47854,2
47855,3
47856,4
47857,3
47858,1
47859,3
47860,2
47861,2
47862,3
47863,3
47864,3
47865,4
47866,3
47867,2
47868,3
47869,2
47870,3
47871,2
47872,4
47873,5
47874,3
47875,4
47876,4
47877,3
47878,3
47879,4
47880,4
47881,4
47882,4
47883,3
47884,3
47885,3
47886,2
47887,3
47888,3
47889,5
47890,3
47891,2
47892,2
47893,3
47894,5
47895,3
47896,4
47897,5
47898,3
47899,2
47900,3
47901,6
47902,3
47903,4
47904,4
47905,3
47906,3
47907,3
47908,2
47909,7
47910,1
47911,2
47912,5
47913,3
47914,5
47915,4
47916,5
47917,5
47918,4
47919,5
47920,4
47921,4
47922,4
47923,3
47924,3
47925,3
47926,5
47927,3
47928,3
47929,3
47930,2
47931,3
47932,3
47933,4
47934,3
47935,5
47936,2
47937,4
47938,3
47939,2
47940,4
47941,3
47942,3
47943,3
47944,3
47945,2
47946,3
47947,3
47948,4
47949,3
47950,4
47951,3
47952,4
47953,2
47954,5
47955,3
47956,2
47957,4
47958,2
47959,3
47960,4
47961,3
47962,4
47963,5
47964,3
47965,3
47966,4
47967,5
47968,0
47969,2
47970,4
47971,4
47972,3
47973,3
47974,4
47975,3
47976,5
47977,3
47978,1
47979,2
47980,3
47981,2
47982,3
47983,2
47984,3
47985,6
47986,8
47987,4
47988,3
47989,3
47990,1
47991,3
47992,2
47993,1
47994,4
47995,3
47996,3
47997,4
47998,5
47999,4
48000,4
48001,3
48002,3
48003,3
48004,3
48005,3
48006,4
48007,4
48008,2
48009,2
48010,5
48011,4
48012,5
48013,6
48014,3
48015,3
48016,3
48017,4
48018,5
48019,8
48020,2
48021,3
48022,3
48023,2
48024,7
48025,6
48026,3
48027,2
48028,3
48029,3
48030,3
48031,5
48032,2
48033,3
48034,3
48035,2
48036,6
48037,1
48038,3
48039,2
48040,1
48041,4
48042,4
48043,6
48044,2
48045,3
48046,5
48047,5
48048,3
48049,4
48050,7
48051,5
48052,4
48053,4
48054,3
48055,3
48056,4
48057,3
48058,6
48059,3
48060,4
48061,4
48062,7
48063,3
48064,3
48065,3
48066,2
48067,5
48068,7
48069,4
48070,3
48071,3
48072,2
48073,10
48074,3
48075,6
48076,4
48077,4
48078,5
48079,3
48080,5
48081,4
48082,6
48083,3
48084,5
48085,3
48086,5
48087,3
48088,3
48089,3
48090,3
48091,2
48092,5
48093,4
48094,4
48095,2
48096,2
48097,4
48098,4
48099,2
48100,4
48101,2
48102,4
48103,4
48104,3
48105,2
48106,4
48107,5
48108,3
48109,4
48110,3
48111,6
48112,2
48113,2
48114,5
48115,2
48116,3
48117,4
48118,2
48119,4
48120,4
48121,2
48122,3
48123,2
48124,3
48125,2
48126,4
48127,3
48128,11
48129,4
48130,4
48131,4
48132,8
48133,2
48134,3
48135,6
48136,3
48137,2
48138,3
48139,4
48140,4
48141,3
48142,3
48143,3
48144,5
48145,5
48146,2
48147,5
48148,2
48149,3
48150,3
48151,4
48152,3
48153,5
48154,4
48155,6
48156,5
48157,4
48158,4
48159,2
48160,2
48161,5
48162,3
48163,8
48164,4
48165,8
48166,4
48167,3
48168,3
48169,3
48170,2
48171,3
48172,3
48173,2
48174,3
48175,4
48176,3
48177,6
48178,3
48179,2
48180,4
48181,3
48182,6
48183,2
48184,3
48185,4
48186,1
48187,8
48188,3
48189,3
48190,4
48191,2
48192,5
48193,1
48194,3
48195,3
48196,2
48197,2
48198,8
48199,4
48200,5
48201,5
48202,5
48203,2
48204,2
48205,3
48206,4
48207,4
48208,5
48209,4
48210,4
48211,4
48212,4
48213,4
48214,2
48215,2
48216,3
48217,2
48218,2
48219,5
48220,2
48221,4
48222,1
48223,3
48224,5
48225,5
48226,3
48227,4
48228,4
48229,2
48230,3
48231,4
48232,1
48233,5
48234,4
48235,1
48236,5
48237,5
48238,3
48239,3
48240,3
48241,4
48242,3
48243,4
48244,4
48245,2
48246,4
48247,3
48248,7
48249,2
48250,2
48251,5
48252,3
48253,3
48254,3
48255,2
48256,3
48257,3
48258,3
48259,4
48260,2
48261,2
48262,5
48263,4
48264,7
48265,3
48266,4
48267,2
48268,1
48269,4
48270,3
48271,4
48272,2
48273,2
48274,2
48275,3
48276,4
48277,4
48278,3
48279,5
48280,4
48281,3
48282,5
48283,4
48284,3
48285,4
48286,2
48287,3
48288,3
48289,1
48290,3
48291,2
48292,1
48293,4
48294,5
48295,2
48296,2
48297,4
48298,3
48299,5
48300,3
48301,2
48302,4
48303,4
48304,3
48305,3
48306,2
48307,1
48308,4
48309,3
48310,2
48311,2
48312,2
48313,3
48314,2
48315,3
48316,5
48317,3
48318,5
48319,3
48320,2
48321,4
48322,3
48323,4
48324,3
48325,3
48326,7
48327,4
48328,2
48329,4
48330,2
48331,4
48332,3
48333,3
48334,2
48335,4
48336,2
48337,3
48338,2
48339,7
48340,3
48341,4
48342,3
48343,4
48344,4
48345,4
48346,2
48347,4
48348,2
48349,3
48350,3
48351,3
48352,2
48353,2
48354,6
48355,4
48356,3
48357,3
48358,6
48359,7
48360,3
48361,3
48362,0
48363,2
48364,5
48365,3
48366,4
48367,2
48368,5
48369,4
48370,3
48371,3
48372,5
48373,2
48374,1
48375,3
48376,4
48377,3
48378,2
48379,2
48380,5
48381,3
48382,2
48383,5
48384,3
48385,3
48386,2
48387,4
48388,3
48389,4
48390,3
48391,3
48392,3
48393,5
48394,8
48395,3
48396,4
48397,6
48398,2
48399,7
48400,3
48401,2
48402,2
48403,5
48404,4
48405,2
48406,3
48407,2
48408,2
48409,4
48410,3
48411,3
48412,2
48413,3
48414,10
48415,4
48416,4
48417,1
48418,2
48419,2
48420,3
48421,3
48422,1
48423,3
48424,5
48425,3
48426,5
48427,4
48428,4
48429,4
48430,3
48431,5
48432,5
48433,2
48434,2
48435,3
48436,2
48437,2
48438,6
48439,2
48440,4
48441,5
48442,2
48443,4
48444,3
48445,3
48446,3
48447,4
48448,8
48449,4
48450,4
48451,3
48452,3
48453,4
48454,3
48455,3
48456,3
48457,3
48458,5
48459,4
48460,2
48461,3
48462,2
48463,2
48464,3
48465,3
48466,4
48467,3
48468,4
48469,3
48470,6
48471,2
48472,6
48473,4
48474,5
48475,4
48476,3
48477,2
48478,3
48479,3
48480,5
48481,4
48482,4
48483,2
48484,3
48485,2
48486,5
48487,2
48488,4
48489,1
48490,4
48491,3
48492,2
48493,4
48494,2
48495,2
48496,4
48497,6
48498,3
48499,2
48500,2
48501,3
48502,3
48503,3
48504,4
48505,4
48506,5
48507,6
48508,1
48509,3
48510,3
48511,3
48512,4
48513,4
48514,4
48515,3
48516,3
48517,2
48518,2
48519,4
48520,4
48521,4
48522,7
48523,2
48524,3
48525,2
48526,2
48527,2
48528,6
48529,3
48530,3
48531,9
48532,2
48533,2
48534,6
48535,5
48536,4
48537,2
48538,3
48539,3
48540,1
48541,4
48542,3
48543,7
48544,4
48545,5
48546,3
48547,3
48548,6
48549,2
48550,3
48551,3
48552,3
48553,2
48554,3
48555,3
48556,5
48557,2
48558,6
48559,2
48560,4
48561,2
48562,4
48563,2
48564,2
48565,3
48566,4
48567,1
48568,2
48569,4
48570,3
48571,4
48572,4
48573,2
48574,3
48575,4
48576,4
48577,2
48578,3
48579,2
48580,2
48581,3
48582,2
48583,6
48584,3
48585,6
48586,2
48587,5
48588,7
48589,3
48590,3
48591,3
48592,2
48593,3
48594,3
48595,4
48596,4
48597,2
48598,4
48599,3
48600,4
48601,3
48602,2
48603,4
48604,2
48605,6
48606,4
48607,4
48608,5
48609,4
48610,4
48611,4
48612,3
48613,5
48614,6
48615,3
48616,4
48617,3
48618,3
48619,4
48620,3
48621,4
48622,2
48623,7
48624,4
48625,3
48626,3
48627,4
48628,2
48629,5
48630,3
48631,4
48632,4
48633,3
48634,4
48635,4
48636,2
48637,1
48638,2
48639,4
48640,3
48641,5
48642,3
48643,4
48644,10
48645,4
48646,4
48647,6
48648,3
48649,4
48650,4
48651,4
48652,4
48653,5
48654,4
48655,4
48656,4
48657,2
48658,3
48659,3
48660,3
48661,4
48662,3
48663,2
48664,4
48665,4
48666,3
48667,3
48668,3
48669,2
48670,5
48671,3
48672,4
48673,1
48674,4
48675,4
48676,3
48677,5
48678,1
48679,5
48680,2
48681,2
48682,2
48683,3
48684,3
48685,9
48686,2
48687,4
48688,3
48689,4
48690,3
48691,5
48692,3
48693,6
48694,2
48695,3
48696,3
48697,5
48698,2
48699,5
48700,4
48701,3
48702,5
48703,3
48704,3
48705,3
48706,4
48707,5
48708,3
48709,3
48710,3
48711,1
48712,4
48713,4
48714,4
48715,4
48716,3
48717,4
48718,4
48719,3
48720,1
48721,4
48722,4
48723,2
48724,3
48725,4
48726,4
48727,2
48728,1
48729,5
48730,3
48731,7
48732,4
48733,3
48734,2
48735,4
48736,2
48737,2
48738,4
48739,3
48740,5
48741,5
48742,3
48743,1
48744,3
48745,3
48746,4
48747,3
48748,4
48749,8
48750,4
48751,1
48752,2
48753,4
48754,4
48755,5
48756,3
48757,2
48758,4
48759,3
48760,3
48761,4
48762,4
48763,5
48764,4
48765,4
48766,3
48767,3
48768,3
48769,3
48770,3
48771,4
48772,5
48773,4
48774,4
48775,3
48776,3
48777,1
48778,2
48779,3
48780,4
48781,2
48782,2
48783,6
48784,4
48785,6
48786,3
48787,2
48788,2
48789,5
48790,4
48791,3
48792,4
48793,2
48794,3
48795,2
48796,2
48797,2
48798,3
48799,2
48800,4
48801,4
48802,7
48803,3
48804,3
48805,2
48806,3
48807,3
48808,4
48809,1
48810,4
48811,3
48812,2
48813,2
48814,5
48815,4
48816,3
48817,2
48818,2
48819,3
48820,3
48821,4
48822,3
48823,3
48824,3
48825,4
48826,4
48827,3
48828,6
48829,5
48830,3
48831,2
48832,3
48833,4
48834,4
48835,5
48836,2
48837,4
48838,4
48839,5
48840,4
48841,6
48842,3
48843,3
48844,3
48845,3
48846,4
48847,4
48848,4
48849,2
48850,3
48851,3
48852,3
48853,4
48854,3
48855,4
48856,5
48857,5
48858,3
48859,2
48860,2
48861,5
48862,2
48863,3
48864,2
48865,4
48866,2
48867,3
48868,2
48869,5
48870,3
48871,2
48872,5
48873,4
48874,6
48875,2
48876,5
48877,7
48878,5
48879,4
48880,5
48881,3
48882,3
48883,4
48884,5
48885,3
48886,3
48887,3
48888,6
48889,3
48890,1
48891,3
48892,4
48893,3
48894,4
48895,4
48896,4
48897,3
48898,2
48899,3
48900,4
48901,4
48902,5
48903,4
48904,3
48905,5
48906,4
48907,1
48908,1
48909,4
48910,2
48911,5
48912,4
48913,3
48914,3
48915,3
48916,3
48917,4
48918,6
48919,5
48920,2
48921,5
48922,3
48923,1
48924,3
48925,3
48926,3
48927,3
48928,3
48929,2
48930,3
48931,3
48932,3
48933,3
48934,3
48935,4
48936,2
48937,3
48938,2
48939,4
48940,3
48941,3
48942,5
48943,3
48944,4
48945,4
48946,4
48947,5
48948,4
48949,4
48950,4
48951,3
48952,3
48953,4
48954,8
48955,2
48956,4
48957,5
48958,4
48959,4
48960,9
48961,3
48962,4
48963,7
48964,5
48965,5
48966,3
48967,3
48968,3
48969,3
48970,3
48971,1
48972,4
48973,4
48974,5
48975,6
48976,4
48977,3
48978,3
48979,6
48980,3
48981,2
48982,3
48983,4
48984,2
48985,3
48986,10
48987,4
48988,5
48989,5
48990,6
48991,5
48992,2
48993,2
48994,3
48995,2
48996,4
48997,3
48998,2
48999,3
49000,3
49001,2
49002,4
49003,3
49004,2
49005,6
49006,2
49007,2
49008,2
49009,3
49010,4
49011,3
49012,2
49013,2
49014,4
49015,3
49016,2
49017,3
49018,5
49019,2
49020,1
49021,6
49022,5
49023,5
49024,3
49025,3
49026,3
49027,3
49028,6
49029,4
49030,3
49031,3
49032,4
49033,4
49034,5
49035,3
49036,1
49037,2
49038,4
49039,3
49040,2
49041,4
49042,2
49043,5
49044,5
49045,4
49046,4
49047,3
49048,4
49049,4
49050,4
49051,5
49052,10
49053,4
49054,2
49055,5
49056,3
49057,4
49058,3
49059,4
49060,3
49061,4
49062,3
49063,3
49064,3
49065,4
49066,4
49067,4
49068,4
49069,3
49070,3
49071,2
49072,2
49073,3
49074,3
49075,4
49076,3
49077,6
49078,1
49079,4
49080,4
49081,6
49082,4
49083,9
49084,2
49085,3
49086,3
49087,3
49088,4
49089,4
49090,3
49091,3
49092,4
49093,1
49094,4
49095,3
49096,2
49097,5
49098,3
49099,2
49100,4
49101,2
49102,3
49103,5
49104,4
49105,3
49106,3
49107,10
49108,4
49109,3
49110,3
49111,3
49112,5
49113,3
49114,4
49115,3
49116,3
49117,1
49118,4
49119,4
49120,3
49121,3
49122,3
49123,2
49124,4
49125,2
49126,3
49127,4
49128,4
49129,7
49130,3
49131,2
49132,2
49133,9
49134,5
49135,4
49136,3
49137,5
49138,3
49139,5
49140,3
49141,4
49142,3
49143,3
49144,5
49145,5
49146,4
49147,3
49148,5
49149,3
49150,2
49151,3
49152,5
49153,2
49154,4
49155,3
49156,3
49157,3
49158,2
49159,2
49160,2
49161,3
49162,3
49163,8
49164,3
49165,3
49166,7
49167,4
49168,3
49169,3
49170,3
49171,3
49172,5
49173,2
49174,2
49175,4
49176,2
49177,4
49178,5
49179,3
49180,4
49181,4
49182,3
49183,3
49184,3
49185,5
49186,5
49187,2
49188,4
49189,2
49190,4
49191,2
49192,4
49193,6
49194,5
49195,4
49196,4
49197,2
49198,3
49199,4
49200,4
49201,2
49202,4
49203,3
49204,3
49205,3
49206,3
49207,2
49208,3
49209,3
49210,5
49211,2
49212,3
49213,4
49214,2
49215,3
49216,4
49217,3
49218,4
49219,4
49220,5
49221,5
49222,3
49223,4
49224,7
49225,1
49226,2
49227,4
49228,4
49229,4
49230,2
49231,2
49232,3
49233,3
49234,1
49235,4
49236,5
49237,3
49238,1
49239,4
49240,3
49241,2
49242,5
49243,1
49244,3
49245,1
49246,6
49247,4
49248,2
49249,3
49250,3
49251,6
49252,3
49253,4
49254,7
49255,5
49256,1
49257,3
49258,3
49259,3
49260,3
49261,2
49262,5
49263,5
49264,2
49265,3
49266,3
49267,6
49268,3
49269,6
49270,3
49271,4
49272,4
49273,2
49274,4
49275,4
49276,6
49277,3
49278,4
49279,2
49280,5
49281,3
49282,5
49283,3
49284,2
49285,3
49286,3
49287,3
49288,2
49289,2
49290,2
49291,3
49292,4
49293,4
49294,5
49295,3
49296,3
49297,4
49298,1
49299,6
49300,2
49301,4
49302,3
49303,4
49304,2
49305,2
49306,5
49307,9
49308,3
49309,3
49310,3
49311,4
49312,3
49313,3
49314,3
49315,4
49316,4
49317,2
49318,2
49319,5
49320,3
49321,4
49322,4
49323,3
49324,3
49325,2
49326,2
49327,5
49328,3
49329,4
49330,3
49331,5
49332,3
49333,1
49334,2
49335,4
49336,3
49337,5
49338,3
49339,4
49340,3
49341,3
49342,3
49343,3
49344,3
49345,3
49346,4
49347,4
49348,2
49349,2
49350,4
49351,9
49352,3
49353,5
49354,3
49355,3
49356,4
49357,5
49358,1
49359,3
49360,4
49361,1
49362,3
49363,4
49364,4
49365,5
49366,3
49367,3
49368,4
49369,2
49370,3
49371,5
49372,2
49373,3
49374,3
49375,2
49376,4
49377,4
49378,4
49379,5
49380,1
49381,3
49382,5
49383,4
49384,4
49385,2
49386,3
49387,2
49388,5
49389,2
49390,3
49391,2
49392,5
49393,4
49394,4
49395,4
49396,4
49397,4
49398,3
49399,4
49400,5
49401,2
49402,3
49403,2
49404,2
49405,4
49406,4
49407,2
49408,5
49409,5
49410,4
49411,1
49412,9
49413,7
49414,7
49415,3
49416,5
49417,2
49418,3
49419,3
49420,4
49421,2
49422,3
49423,4
49424,3
49425,10
49426,2
49427,5
49428,6
49429,3
49430,2
49431,3
49432,2
49433,4
49434,4
49435,2
49436,4
49437,4
49438,4
49439,5
49440,4
49441,6
49442,6
49443,5
49444,4
49445,7
49446,4
49447,2
49448,4
49449,2
49450,4
49451,4
49452,5
49453,1
49454,5
49455,4
49456,2
49457,4
49458,3
49459,4
49460,4
49461,5
49462,5
49463,3
49464,3
49465,1
49466,4
49467,2
49468,3
49469,3
49470,3
49471,4
49472,4
49473,5
49474,6
49475,3
49476,3
49477,2
49478,2
49479,4
49480,5
49481,4
49482,4
49483,3
49484,3
49485,3
49486,4
49487,2
49488,4
49489,3
49490,6
49491,3
49492,3
49493,2
49494,3
49495,3
49496,4
49497,3
49498,3
49499,4
49500,4
49501,5
49502,3
49503,2
49504,4
49505,3
49506,5
49507,4
49508,4
49509,3
49510,5
49511,5
49512,4
49513,2
49514,4
49515,3
49516,3
49517,3
49518,2
49519,2
49520,4
49521,3
49522,4
49523,7
49524,3
49525,5
49526,2
49527,4
49528,3
49529,2
49530,3
49531,3
49532,4
49533,3
49534,2
49535,1
49536,5
49537,4
49538,3
49539,3
49540,6
49541,2
49542,3
49543,4
49544,3
49545,4
49546,4
49547,4
49548,4
49549,3
49550,5
49551,3
49552,4
49553,3
49554,5
49555,4
49556,2
49557,3
49558,3
49559,4
49560,3
49561,4
49562,4
49563,1
49564,4
49565,3
49566,5
49567,3
49568,4
49569,4
49570,5
49571,3
49572,6
49573,2
49574,2
49575,3
49576,3
49577,2
49578,5
49579,3
49580,3
49581,3
49582,3
49583,3
49584,3
49585,4
49586,4
49587,5
49588,2
49589,3
49590,5
49591,2
49592,2
49593,2
49594,4
49595,6
49596,2
49597,5
49598,3
49599,3
49600,3
49601,3
49602,3
49603,10
49604,3
49605,3
49606,5
49607,5
49608,7
49609,2
49610,3
49611,3
49612,3
49613,4
49614,4
49615,2
49616,3
49617,3
49618,4
49619,4
49620,2
49621,2
49622,4
49623,2
49624,3
49625,1
49626,5
49627,3
49628,3
49629,3
49630,4
49631,9
49632,4
49633,3
49634,3
49635,3
49636,2
49637,3
49638,1
49639,1
49640,2
49641,3
49642,3
49643,3
49644,2
49645,4
49646,3
49647,3
49648,5
49649,5
49650,2
49651,3
49652,3
49653,3
49654,4
49655,3
49656,3
49657,2
49658,3
49659,5
49660,2
49661,3
49662,3
49663,2
49664,5
49665,2
49666,3
49667,3
49668,3
49669,3
49670,4
49671,4
49672,5
49673,3
49674,4
49675,3
49676,3
49677,3
49678,5
49679,2
49680,2
49681,2
49682,7
49683,2
49684,3
49685,4
49686,5
49687,3
49688,4
49689,5
49690,5
49691,3
49692,4
49693,3
49694,2
49695,4
49696,2
49697,2
49698,5
49699,2
49700,2
49701,10
49702,4
49703,2
49704,5
49705,3
49706,2
49707,2
49708,4
49709,2
49710,3
49711,5
49712,3
49713,4
49714,3
49715,4
49716,3
49717,3
49718,2
49719,2
49720,3
49721,2
49722,4
49723,3
49724,3
49725,4
49726,4
49727,4
49728,3
49729,8
49730,4
49731,9
49732,4
49733,3
49734,3
49735,2
49736,5
49737,2
49738,4
49739,6
49740,5
49741,4
49742,2
49743,3
49744,2
49745,4
49746,6
49747,3
49748,3
49749,3
49750,3
49751,2
49752,4
49753,1
49754,7
49755,3
49756,3
49757,2
49758,4
49759,4
49760,4
49761,3
49762,3
49763,4
49764,2
49765,4
49766,8
49767,5
49768,3
49769,4
49770,3
49771,1
49772,4
49773,3
49774,3
49775,3
49776,7
49777,3
49778,2
49779,4
49780,2
49781,3
49782,1
49783,3
49784,2
49785,1
49786,2
49787,4
49788,4
49789,6
49790,3
49791,2
49792,3
49793,5
49794,3
49795,4
49796,3
49797,3
49798,1
49799,4
49800,5
49801,8
49802,3
49803,4
49804,4
49805,4
49806,5
49807,6
49808,1
49809,3
49810,4
49811,3
49812,4
49813,3
49814,2
49815,2
49816,4
49817,3
49818,2
49819,5
49820,2
49821,3
49822,2
49823,2
49824,2
49825,7
49826,2
49827,2
49828,4
49829,1
49830,2
49831,5
49832,3
49833,3
49834,3
49835,2
49836,2
49837,3
49838,3
49839,5
49840,4
49841,2
49842,4
49843,1
49844,5
49845,5
49846,4
49847,4
49848,3
49849,5
49850,4
49851,3
49852,6
49853,3
49854,5
49855,1
49856,3
49857,2
49858,4
49859,3
49860,3
49861,5
49862,3
49863,4
49864,2
49865,3
49866,2
49867,3
49868,5
49869,3
49870,3
49871,5
49872,4
49873,5
49874,2
49875,3
49876,3
49877,3
49878,3
49879,4
49880,3
49881,2
49882,3
49883,2
49884,3
49885,5
49886,5
49887,10
49888,3
49889,4
49890,3
49891,3
49892,5
49893,4
49894,5
49895,3
49896,5
49897,4
49898,3
49899,2
49900,2
49901,4
49902,5
49903,5
49904,4
49905,2
49906,4
49907,6
49908,4
49909,3
49910,3
49911,7
49912,3
49913,3
49914,4
49915,6
49916,3
49917,3
49918,2
49919,4
49920,1
49921,4
49922,3
49923,2
49924,4
49925,3
49926,2
49927,2
49928,4
49929,5
49930,2
49931,2
49932,5
49933,3
49934,3
49935,3
49936,5
49937,5
49938,4
49939,4
49940,2
49941,3
49942,4
49943,1
49944,7
49945,3
49946,4
49947,2
49948,2
49949,3
49950,3
49951,5
49952,4
49953,3
49954,3
49955,1
49956,2
49957,4
49958,3
49959,1
49960,5
49961,4
49962,1
49963,3
49964,4
49965,3
49966,4
49967,2
49968,4
49969,3
49970,6
49971,4
49972,2
49973,1
49974,3
49975,5
49976,3
49977,2
49978,3
49979,3
49980,2
49981,2
49982,3
49983,2
49984,8
49985,3
49986,5
49987,4
49988,7
49989,1
49990,4
49991,3
49992,4
49993,3
49994,4
49995,6
49996,1
49997,6
49998,4
49999,4
50000,4
50001,4
50002,5
50003,4
50004,2
50005,5
50006,5
50007,4
50008,2
50009,3
50010,2
50011,3
50012,6
50013,4
50014,3
50015,4
50016,6
50017,4
50018,3
50019,3
50020,3
50021,4
50022,3
50023,5
50024,4
50025,4
50026,5
50027,3
50028,2
50029,2
50030,3
50031,3
50032,4
50033,4
50034,3
50035,10
50036,3
50037,4
50038,2
50039,4
50040,2
50041,2
50042,3
50043,1
50044,2
50045,5
50046,2
50047,2
50048,5
50049,3
50050,4
50051,3
50052,3
50053,4
50054,2
50055,10
50056,4
50057,5
50058,3
50059,5
50060,2
50061,3
50062,2
50063,2
50064,4
50065,1
50066,4
50067,4
50068,3
50069,5
50070,4
50071,4
50072,5
50073,4
50074,3
50075,4
50076,4
50077,6
50078,5
50079,2
50080,3
50081,4
50082,5
50083,5
50084,2
50085,3
50086,3
50087,2
50088,5
50089,2
50090,4
50091,2
50092,4
50093,3
50094,4
50095,4
50096,3
50097,4
50098,6
50099,5
50100,4
50101,4
50102,4
50103,9
50104,4
50105,3
50106,1
50107,3
50108,3
50109,3
50110,3
50111,3
50112,10
50113,5
50114,7
50115,3
50116,3
50117,3
50118,4
50119,0
50120,5
50121,4
50122,3
50123,2
50124,3
50125,4
50126,3
50127,2
50128,2
50129,6
50130,3
50131,3
50132,3
50133,3
50134,2
50135,5
50136,6
50137,1
50138,4
50139,3
50140,6
50141,3
50142,3
50143,3
50144,4
50145,4
50146,4
50147,3
50148,3
50149,4
50150,2
50151,2
50152,4
50153,7
50154,2
50155,3
50156,3
50157,3
50158,4
50159,7
50160,3
50161,4
50162,3
50163,4
50164,5
50165,4
50166,4
50167,3
50168,3
50169,3
50170,4
50171,3
50172,3
50173,2
50174,10
50175,3
50176,3
50177,6
50178,11
50179,4
50180,3
50181,4
50182,3
50183,3
50184,5
50185,4
50186,4
50187,5
50188,4
50189,3
50190,3
50191,2
50192,1
50193,2
50194,2
50195,2
50196,2
50197,3
50198,2
50199,3
50200,3
50201,4
50202,4
50203,4
50204,3
50205,3
50206,4
50207,3
50208,3
50209,3
50210,2
50211,3
50212,3
50213,3
50214,4
50215,3
50216,8
50217,3
50218,4
50219,3
50220,4
50221,3
50222,3
50223,4
50224,3
50225,3
50226,0
50227,3
50228,6
50229,3
50230,3
50231,5
50232,4
50233,5
50234,2
50235,6
50236,11
50237,4
50238,3
50239,3
50240,2
50241,4
50242,2
50243,4
50244,3
50245,4
50246,5
50247,1
50248,4
50249,3
50250,4
50251,3
50252,1
50253,4
50254,2
50255,6
50256,3
50257,5
50258,8
50259,4
50260,5
50261,3
50262,4
50263,1
50264,3
50265,2
50266,5
50267,2
50268,4
50269,2
50270,3
50271,2
50272,3
50273,4
50274,4
50275,4
50276,5
50277,3
50278,3
50279,3
50280,4
50281,4
50282,4
50283,4
50284,3
50285,3
50286,5
50287,3
50288,3
50289,2
50290,5
50291,3
50292,2
50293,6
50294,3
50295,4
50296,4
50297,4
50298,4
50299,4
50300,6
50301,3
50302,3
50303,3
50304,3
50305,3
50306,11
50307,3
50308,2
50309,2
50310,5
50311,2
50312,4
50313,4
50314,5
50315,5
50316,3
50317,2
50318,4
50319,3
50320,2
50321,5
50322,3
50323,3
50324,3
50325,6
50326,3
50327,4
50328,2
50329,5
50330,3
50331,4
50332,3
50333,3
50334,1
50335,4
50336,2
50337,5
50338,5
50339,3
50340,3
50341,3
50342,3
50343,3
50344,2
50345,4
50346,1
50347,2
50348,3
50349,4
50350,3
50351,2
50352,5
50353,3
50354,3
50355,4
50356,5
50357,3
50358,2
50359,6
50360,4
50361,4
50362,4
50363,4
50364,1
50365,3
50366,4
50367,2
50368,3
50369,2
50370,3
50371,5
50372,2
50373,3
50374,6
50375,4
50376,3
50377,3
50378,4
50379,3
50380,4
50381,4
50382,3
50383,5
50384,4
50385,3
50386,1
50387,4
50388,5
50389,3
50390,2
50391,3
50392,2
50393,3
50394,2
50395,3
50396,2
50397,3
50398,4
50399,3
50400,3
50401,3
50402,4
50403,5
50404,2
50405,3
50406,5
50407,3
50408,2
50409,2
50410,4
50411,4
50412,4
50413,2
50414,2
50415,3
50416,4
50417,6
50418,5
50419,2
50420,2
50421,7
50422,2
50423,2
50424,4
50425,3
50426,6
50427,4
50428,3
50429,4
50430,3
50431,3
50432,3
50433,5
50434,5
50435,2
50436,5
50437,3
50438,2
50439,4
50440,2
50441,2
50442,3
50443,3
50444,5
50445,5
50446,4
50447,2
50448,3
50449,2
50450,5
50451,2
50452,7
50453,2
50454,2
50455,5
50456,5
50457,4
50458,2
50459,3
50460,3
50461,3
50462,3
50463,2
50464,3
50465,3
50466,5
50467,5
50468,3
50469,4
50470,6
50471,6
50472,3
50473,3
50474,6
50475,4
50476,3
50477,5
50478,3
50479,2
50480,2
50481,2
50482,3
50483,3
50484,3
50485,4
50486,3
50487,3
50488,3
50489,3
50490,4
50491,2
50492,4
50493,3
50494,4
50495,5
50496,6
50497,2
50498,4
50499,5
50500,5
50501,6
50502,5
50503,2
50504,2
50505,3
50506,3
50507,3
50508,7
50509,4
50510,3
50511,4
50512,3
50513,4
50514,6
50515,4
50516,3
50517,2
50518,3
50519,3
50520,2
50521,2
50522,3
50523,4
50524,4
50525,5
50526,2
50527,3
50528,5
50529,3
50530,2
50531,3
50532,5
50533,1
50534,5
50535,1
50536,4
50537,3
50538,3
50539,1
50540,5
50541,4
50542,4
50543,7
50544,1
50545,4
50546,4
50547,4
50548,4
50549,1
50550,5
50551,3
50552,4
50553,5
50554,6
50555,2
50556,3
50557,7
50558,3
50559,2
50560,4
50561,4
50562,4
50563,3
50564,3
50565,6
50566,3
50567,4
50568,5
50569,4
50570,3
50571,7
50572,3
50573,4
50574,7
50575,1
50576,8
50577,2
50578,4
50579,4
50580,2
50581,3
50582,1
50583,3
50584,3
50585,2
50586,5
50587,4
50588,4
50589,4
50590,4
50591,3
50592,4
50593,5
50594,3
50595,2
50596,3
50597,4
50598,8
50599,5
50600,2
50601,5
50602,9
50603,4
50604,4
50605,3
50606,3
50607,3
50608,4
50609,3
50610,6
50611,3
50612,3
50613,3
50614,1
50615,2
50616,5
50617,3
50618,4
50619,1
50620,2
50621,2
50622,5
50623,5
50624,3
50625,4
50626,4
50627,4
50628,6
50629,4
50630,5
50631,4
50632,3
50633,5
50634,4
50635,3
50636,3
50637,3
50638,5
50639,5
50640,3
50641,5
50642,4
50643,3
50644,4
50645,3
50646,3
50647,6
50648,4
50649,2
50650,4
50651,2
50652,3
50653,2
50654,3
50655,1
50656,4
50657,4
50658,4
50659,3
50660,3
50661,3
50662,4
50663,4
50664,5
50665,5
50666,3
50667,5
50668,3
50669,2
50670,3
50671,1
50672,6
50673,4
50674,4
50675,4
50676,4
50677,6
50678,4
50679,2
50680,5
50681,4
50682,5
50683,2
50684,3
50685,4
50686,1
50687,2
50688,5
50689,4
50690,4
50691,4
50692,6
50693,5
50694,2
50695,5
50696,5
50697,5
50698,2
50699,4
50700,4
50701,1
50702,4
50703,3
50704,3
50705,4
50706,6
50707,4
50708,3
50709,6
50710,2
50711,2
50712,5
50713,6
50714,3
50715,6
50716,3
50717,5
50718,2
50719,5
50720,3
50721,2
50722,4
50723,4
50724,2
50725,4
50726,5
50727,5
50728,3
50729,4
50730,3
50731,3
50732,3
50733,4
50734,5
50735,2
50736,2
50737,5
50738,5
50739,3
50740,3
50741,2
50742,3
50743,3
50744,3
50745,4
50746,3
50747,3
50748,3
50749,3
50750,7
50751,4
50752,4
50753,4
50754,3
50755,6
50756,4
50757,3
50758,3
50759,6
50760,5
50761,3
50762,4
50763,5
50764,4
50765,3
50766,5
50767,5
50768,4
50769,3
50770,3
50771,4
50772,3
50773,4
50774,3
50775,5
50776,4
50777,2
50778,5
50779,1
50780,5
50781,5
50782,3
50783,6
50784,4
50785,5
50786,4
50787,2
50788,3
50789,3
50790,2
50791,4
50792,4
50793,4
50794,3
50795,5
50796,5
50797,7
50798,3
50799,2
50800,4
50801,2
50802,4
50803,4
50804,5
50805,4
50806,2
50807,3
50808,6
50809,10
50810,2
50811,3
50812,5
50813,4
50814,5
50815,3
50816,3
50817,3
50818,7
50819,6
50820,5
50821,7
50822,2
50823,3
50824,2
50825,4
50826,3
50827,3
50828,3
50829,3
50830,2
50831,3
50832,2
50833,4
50834,3
50835,2
50836,2
50837,4
50838,3
50839,5
50840,3
50841,3
50842,2
50843,3
50844,2
50845,4
50846,3
50847,6
50848,4
50849,3
50850,4
50851,3
50852,3
50853,6
50854,1
50855,2
50856,4
50857,3
50858,3
50859,2
50860,3
50861,4
50862,5
50863,3
50864,2
50865,2
50866,3
50867,6
50868,3
50869,4
50870,3
50871,4
50872,4
50873,3
50874,2
50875,2
50876,2
50877,3
50878,4
50879,2
50880,2
50881,1
50882,3
50883,4
50884,4
50885,4
50886,3
50887,4
50888,4
50889,4
50890,3
50891,1
50892,4
50893,2
50894,4
50895,3
50896,4
50897,3
50898,7
50899,2
50900,2
50901,3
50902,3
50903,3
50904,4
50905,3
50906,3
50907,3
50908,5
50909,3
50910,4
50911,2
50912,2
50913,5
50914,4
50915,3
50916,4
50917,5
50918,3
50919,4
50920,5
50921,4
50922,4
50923,6
50924,4
50925,4
50926,4
50927,3
50928,2
50929,4
50930,3
50931,2
50932,4
50933,4
50934,7
50935,4
50936,2
50937,4
50938,2
50939,4
50940,2
50941,2
50942,5
50943,4
50944,5
50945,3
50946,2
50947,1
50948,5
50949,2
50950,3
50951,2
50952,3
50953,4
50954,4
50955,3
50956,4
50957,5
50958,3
50959,2
50960,4
50961,5
50962,2
50963,4
50964,3
50965,3
50966,5
50967,3
50968,4
50969,4
50970,3
50971,3
50972,4
50973,3
50974,3
50975,3
50976,3
50977,4
50978,1
50979,1
50980,3
50981,4
50982,2
50983,5
50984,3
50985,4
50986,6
50987,2
50988,5
50989,3
50990,3
50991,3
50992,2
50993,3
50994,2
50995,3
50996,7
50997,2
50998,7
50999,3
